0.070419
0.082983
0.088422
0.094049
0.096684
0.116836
0.122593
0.118492
0.126369
0.103441
0.094318
0.088146
0.101019
0.095363
0.123758
0.097547
0.101937
0.101613
0.103206
0.092907
0.100173
0.094303
0.110897
0.100339
0.097123
0.089701
0.119274
0.076505
0.077711
0.098016
0.122633
0.09915
0.102625
0.093575
0.114064
0.089774
0.100799
0.08305
0.090158
0.090639
0.079854
0.09357
0.083409
0.114982
0.079592
0.086149
0.100605
0.097547
0.091438
0.119082
0.084506
0.082687
0.084948
0.112271
0.097499
0.095677
0.08911
0.106944
0.090737
0.115131
0.081746
0.081032
0.063637
0.119771
0.088441
0.109063
0.079577
0.099945
0.081288
0.101281
0.124264
0.086985
0.0878
0.103691
0.081404
0.086202
0.089582
0.102593
0.074818
0.088119
0.101366
0.10386
0.076365
0.079982
0.092933
0.088836
0.087296
0.087321
0.119062
0.091202
0.117717
0.089643
0.0952
0.101262
0.100365
0.099552
0.091343
0.092776
0.078346
0.072085
0.106464
0.104159
0.097845
0.096131
0.096772
0.083804
0.101856
0.094923
0.097114
0.107813
0.103667
0.109936
0.088899
0.121666
0.082202
0.070759
0.089402
0.116379
0.102689
0.118101
0.099718
0.069244
0.081786
0.099535
0.081907
0.067016
0.106339
0.094732
0.113482
0.068245
0.116999
0.07691
0.094602
0.091623
0.098261
0.084615
0.09652
0.091314
0.115279
0.100182
0.132848
0.09163
0.122986
0.078879
0.091997
0.092297
0.110431
0.091357
0.126835
0.090475
0.125758
0.095272
0.116855
0.10421
0.08509
0.084527
0.08211
0.08629
0.093803
0.095322
0.092261
0.106994
0.059666
0.093333
0.072233
0.112947
0.084056
0.108701
0.062935
0.091701
0.097727
0.074811
0.077337
0.09599
0.101583
0.087447
0.110016
0.080416
0.079505
0.09693
0.093771
0.076692
0.08173
0.083251
0.068837
0.076766
0.070913
0.092712
0.081298
0.10281
0.069875
0.092484
0.089271
0.075622
0.060935
0.10432
0.075877
0.079551
0.102446
0.098745
0.072785
0.083652
0.099729
0.066913
0.112245
0.083205
0.102164
0.096981
0.084717
0.085005
0.131402
0.087061
0.08678
0.100161
0.118805
0.084431
0.092642
0.075277
0.104245
0.070533
0.118242
0.079298
0.095209
0.088959
0.096074
0.093609
0.093942
0.096537
0.069719
0.083548
0.078713
0.089557
0.086384
0.091824
0.084806
0.105568
0.096431
0.098568
0.092699
0.104115
0.082515
0.096542
0.081441
0.09884
0.077729
0.099361
0.085223
0.075935
0.077778
0.078097
0.086906
0.084104
0.081464
0.081363
0.101957
0.096973
0.103284
0.096885
0.103148
0.079108
0.092925
0.084515
0.087003
0.08552
0.082983
0.09534
0.073725
0.077998
0.082879
0.082743
0.070137
0.09182
0.091117
0.100319
0.065834
0.094413
0.076518
0.105857
0.091836
0.080162
0.093337
0.072064
0.106697
0.09047
0.093148
0.101685
0.089233
0.081118
0.104282
0.086619
0.106727
0.095783
0.091771
0.082458
0.075613
0.095607
0.081755
0.103197
0.096875
0.094983
0.0844
0.107725
0.10547
0.102428
0.095012
0.09187
0.083331
0.110328
0.076896
0.126076
0.081639
0.126484
0.089905
0.10632
0.092359
0.089727
0.061012
0.077691
0.096794
0.133135
0.084169
0.122552
0.074807
0.09916
0.093344
0.098984
0.096489
0.079135
0.085746
0.087039
0.08724
0.089319
0.108591
0.093911
0.115631
0.07802
0.099096
0.086026
0.088841
0.104171
0.084587
0.055926
0.088489
0.0786
0.077264
0.087239
0.080751
0.101339
0.079682
0.098003
0.078266
0.124846
0.089783
0.078181
0.088229
0.105258
0.079201
0.094405
0.088569
0.096713
0.105651
0.082122
0.078257
0.084193
0.122434
0.094005
0.114394
0.082171
0.097106
0.094568
0.091484
0.078137
0.126279
0.082014
0.110766
0.087418
0.100676
0.065965
0.090591
0.084392
0.062247
0.104304
0.080071
0.087803
0.072756
0.102164
0.081744
0.103231
0.061725
0.083286
0.069185
0.093944
0.067871
0.104614
0.059783
0.093288
0.089443
0.062289
0.079622
0.097166
0.087163
0.079161
0.091015
0.093552
0.095891
0.109087
0.092956
0.070084
0.101345
0.085475
0.103783
0.075932
0.083562
0.053604
0.091832
0.084334
0.075244
0.103397
0.064285
0.072711
0.057057
0.079618
0.083377
0.09368
0.079049
0.121182
0.095755
0.090807
0.066829
0.099827
0.097384
0.09519
0.090772
0.087429
0.079515
0.098098
0.109165
0.095528
0.072324
0.099387
0.095011
0.099418
0.102782
0.066801
0.100746
0.097765
0.123511
0.07728
0.108046
0.081758
0.11376
0.087644
0.090016
0.088413
0.128168
0.07617
0.070127
0.087608
0.090761
0.085162
0.108256
0.084336
0.093698
0.070129
0.075765
0.10953
0.093957
0.114436
0.083523
0.088696
0.071882
0.097026
0.085416
0.081587
0.079651
0.088878
0.077053
0.076607
0.10181
0.07399
0.094511
0.10532
0.108794
0.097145
0.107256
0.089937
0.10525
0.102669
0.093686
0.08427
0.108727
0.090329
0.090663
0.074303
0.086394
0.088795
0.07728
0.082556
0.090313
0.106879
0.094522
0.110198
0.095415
0.110629
0.06816
0.111164
0.089754
0.127056
0.075479
0.08281
0.08266
0.084074
0.09649
0.093011
0.080935
0.091808
0.105707
0.086312
0.122331
0.074255
0.09526
0.092848
0.138676
0.101326
0.098894
0.093326
0.107544
0.082941
0.132037
0.097544
0.106079
0.129201
0.196497
0.0887
0.098552
0.090354
0.086719
0.097146
0.092383
0.068418
0.075289
0.093199
0.093874
0.092175
0.107389
0.111643
0.096232
0.075094
0.083212
0.099473
0.096736
0.100883
0.089578
0.109012
0.092741
0.104439
0.065492
0.094088
0.094577
0.089707
0.084648
0.085822
0.090391
0.091127
0.093356
0.080933
0.099687
0.108527
0.0973
0.091027
0.084627
0.074871
0.083428
0.078275
0.09529
0.095345
0.080055
0.115813
0.081953
0.106136
0.087714
0.09772
0.081137
0.089329
0.077451
0.094629
0.112608
0.088694
0.101856
0.091489
0.1138
0.077984
0.079191
0.07417
0.089524
0.088072
0.07901
0.096012
0.081685
0.097387
0.0836
0.066179
0.083569
0.079518
0.081691
0.074261
0.106182
0.094951
0.100946
0.0703
0.104362
0.082399
0.107946
0.091671
0.085154
0.09414
0.101549
0.085584
0.0828
0.082141
0.082386
0.113991
0.09206
0.07837
0.08698
0.086809
0.076433
0.072134
0.08341
0.088322
0.093125
0.074514
0.102934
0.100415
0.097233
0.069841
0.068564
0.079764
0.090481
0.108965
0.084006
0.079807
0.087919
0.074207
0.066076
0.094639
0.073217
0.108317
0.081737
0.070478
0.068511
0.095687
0.094656
0.06944
0.094705
0.074812
0.091995
0.076253
0.085152
0.079254
0.101087
0.088678
0.090633
0.073556
0.090041
0.083358
0.068445
0.110621
0.085852
0.099613
0.097885
0.077733
0.087403
0.084738
0.076016
0.081943
0.053972
0.08606
0.120681
0.093914
0.101782
0.085306
0.081654
0.089082
0.083312
0.089488
0.0882
0.103111
0.064271
0.096309
0.084589
0.070185
0.072183
0.096692
0.077494
0.083993
0.077588
0.063271
0.094021
0.089457
0.092784
0.073589
0.111865
0.077263
0.08098
0.074385
0.097137
0.112289
0.076127
0.06979
0.08886
0.099209
0.084103
0.083617
0.07617
0.098995
0.078002
0.093456
0.086183
0.072833
0.115454
0.098745
0.093513
0.089758
0.087797
0.076652
0.086335
0.084821
0.083792
0.073567
0.090569
0.097082
0.089201
0.096266
0.089052
0.082184
0.081567
0.087409
0.095151
0.085724
0.062551
0.083893
0.128708
0.095492
0.088295
0.069498
0.110682
0.083088
0.099769
0.079332
0.049754
0.096355
0.077078
0.11068
0.085263
0.096562
0.086889
0.103039
0.076669
0.085424
0.092844
0.093554
0.086117
0.096193
0.095985
0.091363
0.095773
0.082841
0.125609
0.07996
0.082374
0.083811
0.080704
0.076929
0.077369
0.081523
0.069827
0.091574
0.093731
0.092362
0.078713
0.106296
0.084425
0.095171
0.083116
0.088731
0.096494
0.084069
0.100251
0.070533
0.091623
0.086767
0.08351
0.084403
0.108689
0.077644
0.073431
0.091438
0.082572
0.102263
0.100254
0.106923
0.079538
0.077406
0.089424
0.092028
0.090859
0.069981
0.121021
0.077051
0.10865
0.082423
0.085387
0.088933
0.093138
0.097185
0.096545
0.079272
0.084732
0.0851
0.083704
0.0981
0.086631
0.096228
0.089485
0.075193
0.108333
0.085626
0.077567
0.103341
0.080452
0.082733
0.077943
0.098539
0.076459
0.091381
0.099715
0.084392
0.106236
0.083728
0.08159
0.088221
0.07838
0.047211
0.083041
0.077862
0.092576
0.074031
0.088132
0.114054
0.078206
0.099051
0.075755
0.090428
0.097941
0.069109
0.088217
0.056566
0.096336
0.067153
0.113232
0.084047
0.109169
0.079023
0.077047
0.089673
0.076889
0.081541
0.084608
0.097069
0.074614
0.113446
0.073776
0.102834
0.090035
0.083082
0.089138
0.082168
0.101197
0.072616
0.087306
0.08979
0.111891
0.08818
0.101724
0.091986
0.108144
0.085568
0.072502
0.080452
0.085679
0.102905
0.082202
0.097613
0.080258
0.089058
0.096875
0.107498
0.073039
0.093434
0.087777
0.089035
0.089066
0.087015
0.075097
0.091802
0.09663
0.075476
0.117912
0.084354
0.113885
0.073171
0.098808
0.096216
0.087588
0.076437
0.09277
0.07251
0.088399
0.114883
0.070571
0.119726
0.080268
0.085805
0.103583
0.102933
0.065773
0.068003
0.097861
0.083987
0.070032
0.075814
0.11199
0.085911
0.093606
0.07738
0.092844
0.082346
0.082308
0.081546
0.086231
0.118409
0.097637
0.080681
0.080892
0.098857
0.084681
0.089464
0.078317
0.080117
0.08878
0.084248
0.096373
0.071197
0.098981
0.067073
0.123536
0.074829
0.085634
0.083195
0.076078
0.096995
0.073784
0.110495
0.067503
0.100692
0.093575
0.101181
0.089626
0.104024
0.081022
0.094801
0.099185
0.078328
0.096679
0.084401
0.111211
0.049807
0.087063
0.082008
0.090062
0.096897
0.105032
0.098337
0.104043
0.085424
0.078172
0.091327
0.083013
0.107884
0.091391
0.092292
0.06111
0.087703
0.091229
0.093136
0.104824
0.089273
0.063399
0.076739
total: 90.598268
