((1,10),Just ((0.12892562,((([(2,3)],2),1),(1,1))),(0.108333334,((([(2,2)],3),1),(0,2)))))
((2,10),Just ((0.36233768,((([(2,3)],2),1),(2,0))),(0.24424244,((([(2,3)],2),1),(2,0)))))
((3,10),Just ((0.34805197,((([(2,3)],2),2),(1,1))),(0.21922292,((([(3,2)],2),2),(1,1)))))
((4,10),Just ((0.6282383,((([(2,3)],2),2),(2,0))),(0.35156253,((([(2,2)],3),2),(0,2)))))
((5,10),Just ((1.0011644,((([(2,3)],2),3),(1,1))),(0.6896552,((([(2,2),(2,2)],2),2),(3,3)))))
((1,11),Just ((0.17737003,((([(2,3)],2),1),(0,1))),(0.14512093,((([(2,3)],2),1),(0,1)))))
((2,11),Just ((0.38449952,((([(2,3)],2),1),(1,0))),(0.26021686,((([(2,3)],2),1),(1,0)))))
((3,11),Just ((0.4093277,((([(2,3)],2),2),(0,1))),(0.24198821,((([(2,3)],2),2),(0,1)))))
((4,11),Just ((0.6473284,((([(2,3)],2),2),(1,0))),(0.31619793,((([(2,3)],2),2),(1,0)))))
((5,11),Just ((1.033723,((([(2,3)],2),3),(0,1))),(0.63583815,((([(2,2),(2,2)],2),2),(2,3)))))
((1,12),Just ((0.1431127,((([(2,2),(2,2)],2),1),(1,3))),(0.124031015,((([(2,2),(2,2)],2),1),(1,3)))))
((2,12),Just ((0.41783872,((([(2,3)],2),1),(0,0))),(0.29040405,((([(2,3)],2),1),(0,0)))))
((3,12),Just ((0.24252772,((([(2,2)],3),1),(0,0))),(0.15885168,((([(2,2)],3),1),(0,0)))))
((4,12),Just ((0.6852298,((([(2,3)],2),2),(0,0))),(0.35261306,((([(2,3)],2),2),(0,0)))))
((5,12),Just ((0.8114901,((([(2,2),(2,2)],2),2),(1,3))),(0.5508574,((([(2,2),(2,2)],2),2),(1,3)))))
((6,12),Just ((1.5158901,((([(2,3)],2),3),(0,0))),(0.8430233,((([(2,2),(2,2)],2),2),(2,2)))))
((1,13),Just ((0.17543861,((([(2,2),(2,2)],2),1),(0,3))),(0.15744491,((([(2,2),(2,2)],2),1),(0,3)))))
((2,13),Just ((0.26887172,((([(2,4)],2),1),(3,0))),(0.17838603,((([(2,4)],2),1),(3,0)))))
((3,13),Just ((0.13392201,((([(2,3)],3),1),(5,0))),(8.428658e-2,((([(2,3)],3),1),(5,0)))))
((4,13),Just ((0.3755113,((([(3,2),(2,3)],2),1),(11,0))),(0.357417,((([(3,2),(2,3)],2),1),(11,0)))))
((5,13),Just ((0.7252838,((([(2,2),(2,2)],2),2),(0,3))),(0.46889952,((([(2,2),(2,2)],2),2),(0,3)))))
((6,13),Just ((1.3112208,((([(2,2),(2,2)],2),2),(1,2))),(0.834935,((([(2,2),(2,2)],2),2),(1,2)))))
((1,14),Just ((9.3827166e-2,((([(2,4)],2),1),(1,1))),(6.70194e-2,((([(2,4)],2),1),(1,1)))))
((2,14),Just ((0.27125552,((([(2,4)],2),1),(2,0))),(0.17657034,((([(2,4)],2),1),(2,0)))))
((3,14),Just ((0.14452554,((([(2,4)],2),2),(1,1))),(7.228652e-2,((([(2,3)],3),1),(4,0)))))
((4,14),Just ((0.30506164,((([(3,2),(2,3)],2),1),(10,0))),(0.2784281,((([(3,2),(2,3)],2),1),(10,0)))))
((5,14),Just ((0.44809815,((([(3,2),(2,3)],2),2),(7,3))),(0.32294238,((([(3,2),(2,3)],2),2),(7,3)))))
((6,14),Just ((1.2555572,((([(2,2),(2,2)],2),2),(0,2))),(0.7843745,((([(2,2),(2,2)],2),2),(0,2)))))
((7,14),Just ((1.8022608,((([(2,2),(2,2)],2),2),(1,1))),(1.060606,((([(2,2),(2,2)],2),2),(1,1)))))
((1,15),Just ((0.12732919,((([(2,4)],2),1),(0,1))),(0.101863354,((([(2,4)],2),1),(0,1)))))
((2,15),Just ((0.2810944,((([(2,4)],2),1),(1,0))),(0.18385094,((([(2,4)],2),1),(1,0)))))
((3,15),Just ((0.17419618,((([(2,4)],2),2),(0,1))),(9.740555e-2,((([(2,2),(2,2)],2),1),(0,1)))))
((4,15),Just ((0.28164175,((([(2,4)],2),2),(1,0))),(0.2212167,((([(3,2),(2,3)],2),1),(9,0)))))
((5,15),Just ((0.45510948,((([(3,2),(2,3)],2),2),(6,3))),(0.3498955,((([(3,2),(2,3)],2),2),(6,3)))))
((6,15),Just ((0.47076654,((([(3,2),(2,3)],2),2),(7,2))),(0.24998315,((([(3,2),(2,3)],2),2),(7,2)))))
((7,15),Just ((1.8119453,((([(2,2),(2,2)],2),2),(0,1))),(1.0772983,((([(2,2),(2,2)],2),2),(0,1)))))
((1,16),Just ((8.656306e-2,((([(2,3)],3),1),(0,2))),(7.3578596e-2,((([(2,3)],3),1),(0,2)))))
((2,16),Just ((0.2973996,((([(2,4)],2),1),(0,0))),(0.19874999,((([(2,4)],2),1),(0,0)))))
((3,16),Just ((0.1142258,((([(3,3)],2),2),(1,1))),(7.835165e-2,((([(3,3)],2),2),(1,1)))))
((4,16),Just ((0.29061353,((([(2,4)],2),2),(0,0))),(0.1791065,((([(3,2),(2,3)],2),1),(8,0)))))
((5,16),Just ((0.44076934,((([(3,2),(2,3)],2),2),(5,3))),(0.34554586,((([(3,2),(2,3)],2),2),(5,3)))))
((6,16),Just ((0.5326764,((([(3,2),(2,3)],2),2),(6,2))),(0.3366792,((([(3,2),(2,3)],2),2),(6,2)))))
((7,16),Just ((0.69260204,((([(2,2),(2,3)],2),2),(3,5))),(0.46910042,((([(2,2),(2,3)],2),2),(3,5)))))
((8,16),Just ((2.3764694,((([(2,2),(2,2)],2),2),(0,0))),(1.3262986,((([(2,2),(2,2)],2),2),(0,0)))))
((1,17),Just ((8.876298e-2,((([(2,2),(2,3)],2),1),(2,5))),(7.832029e-2,((([(2,2),(2,3)],2),1),(2,5)))))
((2,17),Just ((0.20790869,((([(2,5)],2),1),(3,0))),(0.13452914,((([(2,5)],2),1),(3,0)))))
((3,17),Just ((0.12634823,((([(3,3)],2),2),(0,1))),(8.918698e-2,((([(3,3)],2),2),(0,1)))))
((4,17),Just ((0.18740621,((([(3,3)],2),2),(1,0))),(0.15673794,((([(4,2),(2,4)],2),1),(15,0)))))
((5,17),Just ((0.41636032,((([(3,2),(2,3)],2),2),(4,3))),(0.32700503,((([(3,2),(2,3)],2),2),(4,3)))))
((6,17),Just ((0.56848437,((([(3,2),(2,3)],2),2),(5,2))),(0.38929093,((([(3,2),(2,3)],2),2),(5,2)))))
((7,17),Just ((0.57015234,((([(2,2),(2,3)],2),2),(2,5))),(0.37013063,((([(2,2),(2,3)],2),2),(2,5)))))
((8,17),Just ((1.0871422,((([(2,2),(2,3)],2),2),(3,4))),(0.6740415,((([(2,2),(2,3)],2),2),(3,4)))))
((1,18),Just ((0.10466507,((([(2,2),(2,3)],2),1),(1,5))),(9.4696976e-2,((([(2,2),(2,3)],2),1),(1,5)))))
((2,18),Just ((0.20856903,((([(2,5)],2),1),(2,0))),(0.13322146,((([(2,5)],2),1),(2,0)))))
((3,18),Just ((0.11071579,((([(2,3)],3),1),(0,0))),(6.486433e-2,((([(2,3)],3),1),(0,0)))))
((4,18),Just ((0.19509557,((([(3,3)],2),2),(0,0))),(0.12994047,((([(4,2),(2,4)],2),1),(14,0)))))
((5,18),Just ((0.38822216,((([(3,2),(2,3)],2),2),(3,3))),(0.30302823,((([(3,2),(2,3)],2),2),(3,3)))))
((6,18),Just ((0.58353263,((([(3,2),(2,3)],2),2),(4,2))),(0.41566026,((([(3,2),(2,3)],2),2),(4,2)))))
((7,18),Just ((0.63863015,((([(3,2),(2,3)],2),2),(5,1))),(0.37509543,((([(3,2),(2,3)],2),2),(5,1)))))
((8,18),Just ((0.9808285,((([(2,2),(2,3)],2),2),(2,4))),(0.6001903,((([(2,2),(2,3)],2),2),(2,4)))))
((9,18),Just ((1.4420218,((([(2,2),(2,3)],2),2),(3,3))),(0.80769235,((([(2,2),(2,3)],2),2),(3,3)))))
((1,19),Just ((0.12079772,((([(2,2),(2,3)],2),1),(0,5))),(0.111261055,((([(2,2),(2,3)],2),1),(0,5)))))
((2,19),Just ((0.21378314,((([(2,5)],2),1),(1,0))),(0.13717552,((([(2,5)],2),1),(1,0)))))
((3,19),Just ((8.2000144e-2,((([(2,5)],2),2),(0,1))),(4.2654257e-2,((([(2,5)],2),2),(0,1)))))
((4,19),Just ((0.14169976,((([(3,2),(2,3)],2),1),(5,0))),(0.10939113,((([(3,2),(2,3)],2),1),(5,0)))))
((5,19),Just ((0.35990912,((([(3,2),(2,3)],2),2),(2,3))),(0.27815902,((([(3,2),(2,3)],2),2),(2,3)))))
((6,19),Just ((0.5835144,((([(3,2),(2,3)],2),2),(3,2))),(0.4340081,((([(3,2),(2,3)],3),1),(17,0)))))
((7,19),Just ((0.6928171,((([(3,2),(2,3)],2),2),(4,1))),(0.44098094,((([(3,2),(2,3)],2),2),(4,1)))))
((8,19),Just ((0.8660389,((([(2,2),(2,3)],2),2),(1,4))),(0.5178441,((([(2,2),(2,3)],2),2),(1,4)))))
((9,19),Just ((1.3867563,((([(2,2),(2,3)],2),2),(2,3))),(0.79192644,((([(2,2),(2,3)],2),2),(2,3)))))
((1,20),Just ((0.105726875,((([(3,2),(2,3)],2),1),(1,3))),(9.867842e-2,((([(3,2),(2,3)],2),1),(1,3)))))
((2,20),Just ((0.22302887,((([(2,5)],2),1),(0,0))),(0.14569378,((([(2,5)],2),1),(0,0)))))
((3,20),Just ((6.6435836e-2,((([(2,4)],3),1),(4,0))),(4.126316e-2,((([(2,2),(2,3)],2),1),(1,3)))))
((4,20),Just ((0.13644747,((([(2,5)],2),2),(0,0))),(9.889163e-2,((([(3,2),(2,3)],2),1),(4,0)))))
((5,20),Just ((0.3333831,((([(3,2),(2,3)],2),2),(1,3))),(0.25474843,((([(3,2),(2,3)],2),2),(1,3)))))
((6,20),Just ((0.57330424,((([(3,2),(2,3)],2),2),(2,2))),(0.41975284,((([(3,2),(2,3)],2),2),(2,2)))))
((7,20),Just ((0.7291546,((([(3,2),(2,3)],2),2),(3,1))),(0.48627877,((([(3,2),(2,3)],2),2),(3,1)))))
((8,20),Just ((0.77694386,((([(3,2),(2,3)],2),2),(4,0))),(0.43953496,((([(2,2),(2,3)],2),2),(0,4)))))
((9,20),Just ((1.2980094,((([(2,2),(2,3)],2),2),(1,3))),(0.739376,((([(2,2),(2,3)],2),2),(1,3)))))
((10,20),Just ((1.7651908,((([(2,2),(2,3)],2),2),(2,2))),(0.9312217,((([(2,2),(2,3)],2),2),(2,2)))))
((1,30),Just ((8.648565e-2,((([(3,2),(2,3)],3),1),(1,5))),(8.2494006e-2,((([(3,2),(2,3)],3),1),(1,5)))))
((2,30),Just ((0.110453025,((([(2,8)],2),1),(2,0))),(6.8756066e-2,((([(2,8)],2),1),(2,0)))))
((3,30),Just ((4.10856e-2,((([(2,2),(2,3)],3),1),(0,6))),(3.3699982e-2,((([(2,2),(2,3)],3),1),(0,6)))))
((4,30),Just ((4.7685158e-2,((([(4,2),(2,4)],2),1),(2,0))),(3.931179e-2,((([(4,2),(2,4)],2),1),(2,0)))))
((5,30),Just ((5.304995e-2,((([(3,3),(2,3)],2),2),(3,3))),(3.7044324e-2,((([(5,2),(2,5)],2),2),(7,3)))))
((6,30),Just ((0.18674037,((([(4,2),(2,4)],2),2),(0,2))),(0.14913446,((([(4,2),(2,4)],2),2),(0,2)))))
((7,30),Just ((0.2511473,((([(4,2),(2,4)],2),2),(1,1))),(0.1944563,((([(4,2),(2,4)],2),2),(1,1)))))
((8,30),Just ((0.40645486,((([(3,2),(2,3)],3),2),(2,4))),(0.2817014,((([(3,2),(2,3)],3),2),(2,4)))))
((9,30),Nothing)
((10,30),Nothing)
((11,30),Nothing)
((12,30),Nothing)
((13,30),Nothing)
((14,30),Nothing)
((15,30),Nothing)
((1,50),Nothing)
((2,50),Nothing)
((3,50),Nothing)
((4,50),Nothing)
((5,50),Nothing)
((6,50),Nothing)
((7,50),Nothing)
((8,50),Nothing)
((9,50),Nothing)
((10,50),Nothing)
((11,50),Nothing)
((12,50),Nothing)
((13,50),Nothing)
((14,50),Nothing)
((15,50),Nothing)
((16,50),Nothing)
((17,50),Nothing)
((18,50),Nothing)
((19,50),Nothing)
((20,50),Nothing)
((21,50),Nothing)
((22,50),Nothing)
((23,50),Nothing)
((24,50),Nothing)
((25,50),Nothing)
((1,100),Nothing)
((2,100),Nothing)
((3,100),Nothing)
((4,100),Nothing)
((5,100),Nothing)
((6,100),Nothing)
((7,100),Nothing)
((8,100),Nothing)
((9,100),Nothing)
((10,100),Nothing)
((11,100),Nothing)
((12,100),Nothing)
((13,100),Nothing)
((14,100),Nothing)
((15,100),Nothing)
((16,100),Nothing)
((17,100),Nothing)
((18,100),Nothing)
((19,100),Nothing)
((20,100),Nothing)
((21,100),Nothing)
((22,100),Nothing)
((23,100),Nothing)
((24,100),Nothing)
((25,100),Nothing)
((26,100),Nothing)
((27,100),Nothing)
((28,100),Nothing)
((29,100),Nothing)
((30,100),Nothing)
((31,100),Nothing)
((32,100),Nothing)
((33,100),Nothing)
((34,100),Nothing)
((35,100),Nothing)
((36,100),Nothing)
((37,100),Nothing)
((38,100),Nothing)
((39,100),Nothing)
((40,100),Nothing)
((41,100),Nothing)
((42,100),Nothing)
((43,100),Nothing)
((44,100),Nothing)
((45,100),Nothing)
((46,100),Nothing)
((47,100),Nothing)
((48,100),Nothing)
((49,100),Nothing)
((50,100),Nothing)
