([35,43],False)
([47,6,8],False)
([17,5,22],False)
([21,24,44],False)
([2,3,49],False)
([33,30,37],False)
([23,36,24],False)
([33,43,36],False)
([20,26,7],False)
([30,41,6,32],False)
([26,42,22,4],False)
([5,24,35,4],False)
([13,44,2,49],False)
([1,31,2,39],False)
([4,35,36,14],False)
([27,23,43,10],False)
([44,5,17,31],False)
([36,18,6,30],False)
([17,7,39,47],False)
([44,40,34,7],False)
([23,36,7,21],False)
([35,17,24,26],False)
([39,23,41,30],False)
([14,7,2,38],False)
([45,8,27,24],False)
([29,2,30,31],False)
([36,30,34,23],False)
([46,35,0,17],False)
([41,27,4,31],False)
([9,29,45,8],False)
([31,49,25,30],False)
([11,47,36,39],False)
([9,35,26,38],False)
([24,34,36,11],False)
([4,2,8,14],False)
([32,5,40,38],False)
([35,28,17,43],False)
([42,33,20,38],False)
([44,12,28,18],False)
([24,39,45,1],False)
([3,24,8,38],False)
([33,45,4,12],False)
([30,13,35,19],False)
([48,7,44,2],False)
([39,43,2,47],False)
([9,2,31,46],False)
([18,40,20,4],False)
([4,3,41,16],False)
([6,8,4,10],False)
([30,0,13,49],False)
([45,6,40,4],False)
([43,45,44,5],False)
([42,29,23,31],False)
([3,14,23,29],False)
([26,25,32,23],False)
([13,38,18,8],False)
([15,17,6,40],False)
([21,15,19,36],False)
([9,46,47,31],False)
([14,24,28,8],False)
([18,46,44,45],False)
([35,19,42,30],False)
([36,44,34,40],False)
([34,36,7,47],False)
([35,47,29,5],False)
([32,14,26,25],False)
([27,46,39,17],False)
([36,35,3,32],False)
([16,12,37,8],False)
([26,16,42,24],False)
([2,34,9,43],False)
([43,40,38,47],True)
([36,46,49,4],False)
([33,9,16,0],False)
([14,17,15,10],False)
([14,6,43,40],False)
([22,44,9,13],False)
([14,36,0,20],False)
([39,38,47,21],False)
([23,42,41,37],False)
([11,22,9,3],False)
([48,10,15,49],False)
([49,48,6,37],False)
([0,38,46,10],False)
([6,49,27,16],False)
([17,5,29,45],False)
([28,38,44,23],False)
([2,1,6,10],False)
([18,46,39,1],False)
([42,29,9,15],False)
([19,28,9,6],False)
([26,1,36,9],False)
([2,0,37,29],False)
([21,41,43,47],False)
([10,32,49,8],False)
([8,20,28,23],False)
([34,39,8,45],False)
([22,41,11,18],False)
([10,46,48,49],False)
([38,40,35,19],False)
([21,44,43,2],False)
([3,12,41,36],False)
([49,18,8,16],False)
([15,30,44,29],False)
([3,13,10,22],False)
([6,13,39,38],False)
([43,22,29,13,2],False)
([22,46,4,37,23],False)
([33,5,49,0,19],False)
([24,25,14,39,10],False)
([13,46,20,30,24],False)
([15,30,48,0,40],False)
([7,49,35,30,25],False)
([44,39,20,16,32],False)
([20,38,11,17,31],False)
([4,23,8,45,16],False)
([16,44,48,9,32],False)
([18,1,7,22,26],False)
([0,45,9,16,11],False)
([10,46,41,21,43],False)
([36,32,5,43,8],False)
([31,40,46,39,8],False)
([21,46,42,28,3],False)
([19,34,4,40,33],False)
([33,22,18,0,20],False)
([5,43,44,15,19],False)
([43,37,17,9,46],False)
([21,25,24,37,41],False)
([11,0,34,32,26],False)
([15,13,44,19,36],False)
([15,12,41,13,34],False)
([9,12,45,22,10],False)
([12,23,21,35,19],False)
([42,32,5,4,10],False)
([44,24,18,36,33],False)
([43,36,25,22,48],False)
([48,26,42,43,46],False)
([11,20,45,46,9],False)
([45,49,26,15,10],False)
([27,21,7,41,17],False)
([15,20,4,13,8],False)
([6,19,42,28,4],False)
([3,45,14,48,38],False)
([20,12,6,1,21],False)
([47,23,2,33,8],False)
([18,27,40,22,14],False)
([46,8,26,1,13],False)
([48,6,34,33,44],False)
([41,18,49,27,48],False)
([28,0,37,40,36],False)
([6,36,18,31,0],False)
([26,1,32,49,19],False)
([4,16,47,10,17],False)
([39,6,10,12,3],False)
([5,20,41,9,43],False)
([35,39,2,31,45],False)
([10,37,41,32,18],False)
([0,35,47,7,34],False)
([15,16,49,22,19],False)
([2,49,12,31,6],False)
([23,32,2,21,39],False)
([6,16,41,20,25],False)
([2,15,44,4,16],False)
([24,12,9,42,7],False)
([42,27,22,36,18],False)
([6,37,18,46,1],False)
([28,29,45,17,27],False)
([41,29,47,48,33],False)
([47,20,49,2,33],False)
([5,27,6,9,16],False)
([17,40,42,36,24],False)
([42,1,32,18,19],False)
([35,43,3,2,33],False)
([9,13,45,7,10],False)
([45,2,48,38,49],False)
([38,39,14,2,27],False)
([43,2,12,40,10],False)
([34,44,47,48,43],False)
([47,37,11,7,29],False)
([2,21,47,24,4],False)
([13,18,6,29,15],False)
([28,29,36,25,16],False)
([5,40,17,25,41],False)
([48,35,33,40,19],False)
([39,26,17,44,31],False)
([38,24,22,28,0],False)
([5,47,13,25,2],False)
([19,18,31,25,20],False)
([12,16,33,42,35],False)
([48,29,15,7,23],False)
([14,2,3,48,34],False)
([28,16,14,23,5],False)
([41,6,12,10,15],False)
([6,37,17,15,18],False)
([24,45,29,31,27],False)
([26,16,49,8,13],False)
([47,24,21,39,46],False)
([46,39,16,7,12],False)
([1,20,22,37,19],False)
([17,7,39,9,15],False)
([2,32,25,33,9],False)
([43,9,19,11,40],False)
([13,9,29,18,47],False)
([10,49,3,25,21],False)
([9,8,18,35,46],False)
([30,44,4,1,23],False)
([16,34,4,2,18],False)
([35,44,31,43,38],False)
([25,30,47,2,21],False)
([1,24,6,44,45],False)
([30,40,45,18,24],False)
([46,9,16,21,27],False)
([43,19,36,31,1],False)
([20,32,7,5,24],False)
([4,42,18,35,30],False)
([23,5,31,47,18],False)
([26,15,23,24,8],False)
([9,39,33,13,16],False)
([9,6,44,23,38],False)
([24,29,9,49,41],False)
([31,32,36,33,38],False)
([39,34,3,27,40],False)
([20,0,23,11,3],False)
([37,17,45,24,28],False)
([44,12,49,35,0],False)
([34,17,15,4,9],False)
([2,27,28,30,32],False)
([8,39,38,23,36],False)
([47,14,43,36,8],False)
([10,47,39,46,25],False)
([19,47,31,28,32],False)
([43,39,2,33,19],False)
([7,43,37,47,33],False)
([14,48,32,26,35],False)
([14,25,15,37,39],False)
([0,14,17,11,40],False)
([1,30,6,0,29],False)
([17,47,4,15,1],False)
([35,24,28,20,36],False)
([18,41,48,9,12],False)
([10,40,8,19,28],False)
([6,9,19,0,7],False)
([44,47,29,19,34],False)
([44,30,38,28,26],False)
([43,19,9,18,24],False)
([40,3,41,8,13],False)
([25,24,11,19,42],False)
([0,17,3,5,36],False)
([14,31,8,3,16],False)
([8,38,30,41,31],False)
([8,36,28,47,24],False)
([32,0,24,34,12],False)
([45,41,34,28,19],False)
([28,25,4,29,22],False)
([20,47,11,34,27],False)
([18,46,48,5,36],False)
([34,22,20,11,41],False)
([1,18,22,7,38],False)
([41,20,23,29,24],False)
([38,18,20,24,39],False)
([18,47,43,35,39],False)
([47,6,18,5,10],False)
([20,37,8,39,6],False)
([7,22,8,21,32],False)
([12,16,8,24,33],False)
([49,15,29,2,41],False)
([33,25,38,46,47],False)
([47,22,15,49,13],False)
([2,5,10,21,9],False)
([22,13,24,7,29],False)
([4,0,8,9,29],False)
([7,39,33,25,26],False)
([36,0,29,42,24],False)
([14,46,7,15,4],False)
([47,8,15,11,22],False)
([26,25,8,11,31],False)
([47,31,8,1,45],False)
([46,22,3,26,27],False)
([36,25,0,32,47],False)
([6,34,9,7,16],False)
([44,24,48,1,14],False)
([33,43,38,30,2],False)
([17,38,48,47,9],False)
([23,15,6,19,40],False)
([40,1,46,22,33],False)
([28,12,9,27,0],False)
([49,21,43,5,40],False)
([49,28,36,40,1],False)
([45,30,36,39,49],False)
([19,45,18,40,12],False)
([35,9,33,3,49],False)
([38,48,0,4,13],False)
([31,13,43,6,18],False)
([9,0,22,5,16],False)
([20,42,31,2,17],False)
([7,47,40,31,48],False)
([9,19,37,4,16],False)
([9,32,4,16,47],False)
([48,42,5,36,40],False)
([27,24,42,43,49],False)
([17,31,20,39,37],False)
([8,13,1,29,19],False)
([9,47,49,2,11],False)
([9,35,27,5,4],False)
([38,11,6,18,3],False)
([49,20,2,32,48],False)
([28,5,22,45,11],False)
([40,13,36,8,39],False)
([35,28,33,30,32],False)
([42,3,27,5,41],False)
([8,40,29,24,9],False)
([4,35,22,26,2],False)
([36,41,20,48,23],False)
([24,20,1,12,40],False)
([11,4,47,19,39],False)
([22,25,19,30,36],False)
([44,34,30,48,22],False)
([48,15,3,6,16],False)
([10,33,29,24,7],False)
([46,30,4,28,43],False)
([23,7,36,32,35],False)
([39,27,37,29,4],False)
([47,7,43,20,32],False)
([13,12,31,30,41],False)
([33,49,47,38,12],False)
([24,4,20,22,2],False)
([4,33,9,11,26],False)
([40,42,9,0,30],False)
([17,3,23,28,41],False)
([42,45,41,48,24],False)
([43,12,6,34,48],False)
([26,19,45,20,47],False)
([2,39,13,29,31],False)
([18,1,20,22,8],False)
([38,46,5,20,14],False)
([35,44,12,0,23],False)
([18,25,16,42,19],False)
([0,24,40,39,46],False)
([34,2,20,8,16],False)
([35,32,2,27,45],False)
([35,3,10,16,19],False)
([25,11,28,37,48],False)
([48,20,45,36,32],False)
([32,23,18,34,4],False)
([28,41,27,5,18],False)
([4,2,39,46,14],False)
([43,18,28,35,41],False)
([26,40,49,33,14],False)
([4,1,48,37,10],False)
([23,49,42,3,13],False)
([40,11,3,2,12],False)
([46,1,14,8,25],False)
([24,7,27,40,0],False)
([32,13,34,18,30],False)
([48,45,24,20,3],False)
([49,13,24,1,11],False)
([23,17,49,16,39],False)
([48,47,23,42,6],False)
([38,46,13,7,27],False)
([27,12,14,40,48],False)
([21,4,41,31,5],False)
([43,17,13,42,10],False)
([5,38,6,26,28],False)
([18,41,25,26,6],False)
([39,6,34,18,23],False)
([4,7,16,17,29],False)
([35,30,1,10,7],False)
([11,21,24,22,15],False)
([28,8,6,12,4],False)
([26,20,0,38,17],False)
([49,23,41,34,22],False)
([20,40,26,9,24],False)
([20,14,4,43,15],False)
([3,48,43,37,7],False)
([0,24,34,9,14],False)
([3,1,48,26,7],False)
([32,47,4,39,2],False)
([37,12,47,21,1],False)
([13,39,23,9,38],False)
([1,28,15,21,49],False)
([26,21,40,23,47],False)
([10,21,1,8,20],False)
([25,32,3,48,19],False)
([47,12,19,38,2],False)
([14,25,31,26,41],False)
([11,44,21,19,45],False)
([14,15,46,49,1],False)
([47,12,15,5,35],False)
([41,9,6,2,35],False)
([43,1,27,31,8],False)
([9,5,4,24,39],False)
([34,0,11,17,19],False)
([23,14,41,46,33],False)
([30,41,40,19,39],False)
([48,5,15,38,3],False)
([23,46,29,43,6],False)
([34,48,10,6,43],False)
([33,11,41,36,23],False)
([25,43,28,44,49],False)
([25,31,17,28,44],False)
([25,18,44,6,4],False)
([36,46,23,24,11],False)
([3,41,22,25,30],False)
([44,35,40,29,47],False)
([47,38,22,13,2],False)
([43,29,8,9,38],False)
([40,12,11,43,5],False)
([44,1,27,21,17],False)
([31,34,22,1,10],False)
([8,37,23,35,1],False)
([45,18,37,8,32],False)
([31,41,2,7,10],False)
([44,13,4,19,35],False)
([43,48,26,3,33],False)
([47,23,13,38,32],False)
([46,24,19,17,30],False)
([26,10,1,27,47],False)
([45,32,35,40,46],False)
([26,17,25,37,46],False)
([25,5,45,26,34],False)
([6,33,19,45,17],False)
([40,36,5,25,12],False)
([16,23,43,5,21],False)
([7,25,8,21,26],False)
([33,39,21,17,31],False)
([28,2,0,14,43],False)
([9,28,24,27,34],False)
([8,27,18,41,16],False)
([20,32,7,22,21],False)
([22,0,2,27,35],False)
([25,19,9,2,46],False)
([0,35,15,21,4],False)
([5,43,41,17,34],False)
([43,27,20,21,37],False)
([15,34,0,49,26],False)
([44,49,26,29,34],False)
([42,6,16,18,23],False)
([14,27,8,49,18],False)
([45,27,10,3,8],False)
([5,24,4,27,38],False)
([20,40,30,42,11],False)
([24,49,6,22,37],False)
([38,22,42,37,0],False)
([40,19,36,25,39],False)
([48,45,19,2,33],False)
([25,24,45,32,39],False)
([0,35,42,45,22],False)
([48,28,3,13,27],False)
([49,15,27,11,3],False)
([40,7,11,13,48],False)
([12,27,4,13,33],False)
([48,27,36,40,45],False)
([39,5,25,20,1],False)
([21,25,15,49,41],False)
([25,28,34,44,16],False)
([21,4,24,9,34],False)
([35,14,15,4,17],False)
([18,1,16,35,24],False)
([9,7,0,47,34],False)
([32,49,30,41,4],False)
([26,33,29,25,23],False)
([9,45,3,17,10],False)
([47,2,11,8,46],False)
([5,16,6,46,14],False)
([2,24,39,6,15],False)
([21,27,9,10,43],False)
([38,5,20,6,13],False)
([33,3,37,31,27],False)
([31,34,39,15,47],False)
([0,9,24,35,33],False)
([20,45,21,31,14],False)
([1,49,16,0,42],False)
([11,29,7,46,4],False)
([17,21,4,49,29],False)
([35,44,42,3,40],False)
([38,35,3,40,34],False)
([1,30,28,46,10],False)
([4,15,26,36,37],False)
([43,16,24,26,41],False)
([29,35,6,24,47],False)
([24,17,19,41,11],False)
([13,15,26,30,40],False)
([36,35,33,6,27],False)
([41,25,44,14,47],False)
([10,24,37,1,27],False)
([14,44,1,43,37],False)
([23,22,28,26,13],False)
([44,32,24,0,17],False)
([38,17,39,33,9],False)
([43,9,34,22,4],False)
([33,13,37,49,15],False)
([7,27,40,3,1],False)
([29,39,37,11,47],False)
([35,49,9,20,21],False)
([6,41,8,49,23],False)
([10,4,21,26,46],False)
([29,24,19,34,37],False)
([21,22,1,6,47],False)
([5,3,12,25,18],False)
([19,9,3,8,46],False)
([5,3,49,1,42],False)
([19,15,4,38,23],False)
([10,41,18,9,16],False)
([43,9,42,48,8],False)
([20,22,17,38,49],False)
([15,30,4,40,3],False)
([30,1,4,34,25],False)
([35,32,11,44,13],False)
([49,38,18,33,34],False)
([7,11,1,19,9],False)
([13,35,23,36,49],False)
([18,34,24,36,28],False)
([23,42,11,17,37],False)
([1,26,31,46,13],False)
([3,22,14,0,40],False)
([1,19,38,49,41],False)
([12,27,39,29,0],False)
([37,1,7,28,4],False)
([17,23,16,1,19],False)
([3,46,4,28,48],False)
([16,3,11,28,6],False)
([7,0,34,23,48],False)
([4,3,32,9,33],False)
([36,33,5,9,19],False)
([33,15,12,34,37],False)
([33,8,15,21,2],False)
([31,24,17,43,46],False)
([24,38,4,31,16],False)
([21,43,33,25,45],False)
([20,17,4,2,43],False)
([0,10,14,11,28],False)
([32,36,23,33,4],False)
([14,37,41,39,3],False)
([5,13,15,9,49],False)
([25,12,28,14,23],False)
([30,33,3,40,20],False)
([19,22,14,33,36],False)
([33,42,47,26,38],False)
([24,11,8,35,3],False)
([37,46,31,20,38],False)
([47,49,48,3,5],False)
([44,47,15,19,41],False)
([37,19,1,36,21],False)
([23,42,12,47,27],False)
([39,9,32,8,40],False)
([45,28,4,1,9],False)
([32,5,22,4,36],False)
([35,27,14,16,17],False)
([10,38,14,42,1],False)
([14,45,46,48,4],False)
([18,23,10,13,0],False)
([6,14,28,19,21],False)
([39,7,10,22,20],False)
([44,31,47,38,33],False)
([18,16,26,47,33],False)
([36,16,43,29,22],False)
([43,19,47,41,28],False)
([9,43,5,22,2],False)
([1,32,45,40,43],False)
([32,49,0,2,31],False)
([26,21,14,22,37],False)
([2,39,30,15,7],False)
([18,25,5,24,36],False)
([4,6,36,1,7],False)
([44,4,28,3,8],False)
([7,44,9,31,18],False)
([45,17,19,4,39],False)
([33,29,9,1,22],False)
([41,25,9,32,34],False)
([44,15,6,11,30],False)
([33,46,45,24,34],False)
([45,10,40,2,37],False)
([2,39,7,29,27],False)
([25,35,15,13,44],False)
([41,23,10,48,3],False)
([47,19,11,25,16],False)
([38,47,9,41,22],False)
([48,25,39,0,21],False)
([25,37,11,3,27],False)
([3,19,18,24,2],False)
([10,14,8,7,16],False)
([7,25,20,40,45],False)
([34,9,29,48,36],False)
([28,40,44,3,19],False)
([4,18,26,14,29],False)
([19,1,45,20,24],False)
([9,4,44,33,34],False)
([37,7,45,25,5],False)
([7,4,1,10,3],False)
([16,43,7,27,23],False)
([33,16,8,17,40],False)
([36,16,39,8,24],False)
([25,41,44,16,26],False)
([28,29,1,44,47],False)
([40,45,32,35,24],False)
([23,11,39,47,14],False)
([1,35,21,29,19],False)
([10,25,15,5,23],False)
([23,35,46,12,31],False)
([40,23,21,30,39],False)
([1,36,12,24,42],False)
([36,11,41,1,46],False)
([44,12,6,26,27],False)
([31,3,28,11,12],False)
([21,20,48,40,28],False)
([42,16,21,38,28],False)
([18,17,12,8,42],False)
([2,47,10,5,15],False)
([10,45,17,13,39],False)
([34,22,42,36,8],False)
([9,16,26,46,8],False)
([47,0,41,4,43],False)
([0,20,7,27,38],False)
([3,37,24,20,18],False)
([30,5,46,23,34],False)
([9,49,38,45,3],False)
([38,43,44,11,36],False)
([38,7,33,32,8],False)
([21,6,35,13,33],False)
([41,33,30,38,28],False)
([25,18,39,4,15],False)
([38,36,17,18,13],False)
([22,19,2,1,40],False)
([19,37,47,39,48],False)
([18,25,12,10,47],False)
([42,31,44,11,35],False)
([6,48,39,47,25],False)
([19,26,7,47,42],False)
([19,37,11,15,17],False)
([29,4,19,30,26],False)
([6,45,37,30,25],False)
([49,13,37,24,4],False)
([42,25,33,23,35],False)
([19,37,1,26,32],False)
([15,35,2,45,31],False)
([34,46,11,4,9],False)
([25,47,10,41,15],False)
([7,31,47,41,1],False)
([37,8,27,47,23],False)
([24,5,17,35,4],False)
([37,24,39,48,47],False)
([6,28,17,22,4],False)
([11,43,13,49,5],False)
([13,3,10,48,23],False)
([14,35,46,27,10],False)
([38,16,9,39,25],False)
([6,12,8,22,25],False)
([14,33,31,25,34],False)
([23,42,4,24,32],False)
([18,49,20,36,32],False)
([28,21,47,45,13],False)
([19,46,10,31,16],False)
([42,25,15,0,30],False)
([20,5,48,40,4],False)
([10,4,31,7,28],False)
([17,1,47,16,7],False)
([33,8,26,21,41],False)
([45,6,23,7,22],False)
([46,26,13,47,5],False)
([11,30,8,23,45],False)
([41,25,11,33,27],False)
([27,25,1,10,22],False)
([27,2,13,43,17],False)
([18,15,14,34,42],False)
([18,20,45,7,31],False)
([40,34,30,37,6],False)
([45,44,46,38,24],False)
([37,22,49,31,42],False)
([43,26,18,0,37],False)
([0,42,44,25,8],False)
([35,37,30,32,12],False)
([45,48,5,1,0],False)
([22,6,2,28,3],False)
([0,49,31,35,11],False)
([11,7,6,41,20],False)
([31,6,29,42,28],False)
([41,35,13,11,36],False)
([35,20,36,2,29],False)
([37,19,3,15,32],False)
([30,28,14,5,4],False)
([15,31,39,45,11],False)
([40,28,2,24,18],False)
([42,43,12,5,21],False)
([7,26,48,5,21],False)
([31,30,21,48,11],False)
([35,6,8,23,32],False)
([23,41,3,30,28],False)
([30,9,5,27,6],False)
([34,49,41,48,24],False)
([39,5,23,24,7],False)
([3,34,46,47,36],False)
([36,14,19,35,21],False)
([49,15,18,48,12],False)
([39,6,33,49,11],False)
([21,43,5,3,16],False)
([47,4,24,23,37],False)
([22,4,23,19,5],False)
([46,1,37,47,19],False)
([29,15,10,45,1],False)
([47,46,27,36,11],False)
([31,17,44,26,41],False)
([15,20,16,10,24],False)
([3,21,5,16,14],False)
([1,29,28,22,24],False)
([40,36,45,32,44],False)
([23,8,40,41,17],False)
([11,17,19,23,42],False)
([25,49,39,22,16],False)
([33,17,12,6,46],False)
([34,38,49,5,22],False)
([4,2,25,17,35],False)
([25,20,27,2,37],False)
([27,31,11,2,32],False)
([18,26,32,3,30],False)
([35,38,45,15,26],False)
([11,44,36,2,23],False)
([43,38,31,37,16],False)
([22,45,15,0,4],False)
([47,7,0,27,46],False)
([1,48,45,34,39],False)
([42,6,2,9,15],False)
([33,4,42,45,14],False)
([31,12,24,16,49],False)
([22,45,2,30,4],False)
([6,23,47,1,30],False)
([35,28,29,49,7],False)
([48,37,17,8,49],False)
([49,9,24,8,42],False)
([5,37,49,13,19],False)
([15,14,8,39,37],False)
([0,20,22,3,42],False)
([26,42,21,23,47],False)
([26,28,8,2,42],False)
([28,27,18,46,49],False)
([35,32,22,4,44],False)
([34,35,36,40,10],False)
([38,32,7,33,8],False)
([20,27,38,5,31],False)
([14,37,43,35,30],False)
([38,30,46,44,1],False)
([32,22,35,39,2],False)
([13,49,31,39,30],False)
([17,24,10,20,48],False)
([8,15,29,6,12],False)
([27,38,41,28,23],False)
([48,18,14,43,4],False)
([18,11,4,35,30],False)
([32,2,4,14,10],False)
([42,31,39,6,24],False)
([48,8,42,33,27],False)
([31,28,16,48,30],False)
([16,27,40,26,39],False)
([25,6,38,15,31],False)
([16,4,32,44,33],False)
([34,3,40,33,38],False)
([24,25,17,42,4],False)
([16,31,15,20,34],False)
([42,46,0,48,22],False)
([32,5,46,12,47],False)
([39,5,43,3,29],False)
([45,49,29,24,30],False)
([43,37,15,7,47],False)
([23,33,5,38,0],False)
([16,5,0,29,34],False)
([13,18,2,26,10],False)
([23,30,36,0,16],False)
([3,48,13,37,29],False)
([25,42,3,49,36],False)
([8,24,22,19,37],False)
([39,43,31,15,47],False)
([39,27,2,8,18],False)
([13,20,1,6,41],False)
([17,38,9,25,46],False)
([18,3,23,36,27],False)
([40,47,3,20,9],False)
([11,46,7,1,23],False)
([47,9,40,43,38],False)
([21,44,0,43,2],False)
([41,18,7,21,30],False)
([33,15,44,14,46],False)
([29,10,30,19,1],False)
([38,44,46,31,29],False)
([13,8,22,33,36],False)
([13,41,7,32,25],False)
([11,19,43,33,5],False)
([12,36,9,34,8],False)
([2,27,9,44,17],False)
([41,42,15,43,24],False)
([26,45,39,35,21],False)
([7,5,27,3,43],False)
([0,8,40,48,17],False)
([12,8,26,2,49],False)
([8,14,6,46,36],False)
([22,0,12,24,42],False)
([25,27,24,0,4],False)
([20,8,28,29,2],False)
([13,6,42,5,1],False)
([34,26,4,11,28],False)
([20,10,9,38,19],False)
([42,41,35,5,34],False)
([23,0,45,13,20],False)
([36,35,13,10,27],False)
([46,44,28,48,5],False)
([25,6,32,16,49],False)
([45,18,9,3,22],False)
([30,38,35,20,45],False)
([16,25,18,45,30],False)
([30,0,4,27,39],False)
([27,39,31,35,10],False)
([27,2,48,33,8],False)
([47,41,35,34,37],False)
([8,7,27,42,26],False)
([16,46,14,18,34],False)
([7,36,10,1,28],False)
([12,3,10,45,42],False)
([3,12,10,31,46],False)
([9,36,2,28,33],False)
([47,31,34,37,13],False)
([19,41,2,9,39],False)
([6,28,22,9,19],False)
([14,26,21,2,12],False)
([43,4,8,1,13],False)
([30,42,1,37,20],False)
([37,25,39,3,42],False)
([14,35,45,22,11],False)
([46,40,47,6,15],False)
([43,10,33,6,42],False)
([34,20,48,23,15],False)
([9,46,32,37,11],False)
([16,6,29,38,33],False)
([25,49,28,6,44],False)
([22,0,6,48,25],False)
([5,48,2,11,25],False)
([32,36,17,44,25],False)
([48,16,43,46,18],False)
([35,42,8,16,33],False)
([45,10,25,29,38],False)
([13,4,23,41,0],False)
([49,45,19,13,33],False)
([33,14,35,10,38],False)
([39,32,41,43,44],False)
([13,44,47,46,24],False)
([29,12,31,32,43],False)
([10,15,16,1,24],False)
([8,16,15,21,22],False)
([32,37,15,9,22],False)
([37,12,33,16,3],False)
([47,39,14,15,16],False)
([34,33,36,10,9],False)
([37,23,32,11,44],False)
([48,27,25,23,26],False)
([14,15,11,40,7],False)
([40,28,9,25,23],False)
([13,19,29,41,24],False)
([7,17,12,16,38],False)
([28,40,10,7,8],False)
([21,37,4,46,27],False)
([37,46,23,33,12],False)
([30,25,5,11,41],False)
([20,45,4,34,16],False)
([27,0,22,17,18],False)
([32,36,13,46,43],False)
([44,48,47,46,3],False)
([3,19,34,15,9],False)
([21,37,25,11,38],False)
([32,47,4,38,16],False)
([37,26,22,13,41],False)
([42,29,2,48,45],False)
([19,39,30,22,3],False)
([23,29,38,30,44],False)
([37,1,36,47,41],False)
([31,33,18,28,20],False)
([38,44,8,29,12],False)
([47,36,17,15,26],False)
([49,32,4,15,23],False)
([32,43,5,23,8],False)
([29,35,46,16,13],False)
([7,44,17,0,22],False)
([24,15,2,10,31],False)
([27,33,2,11,46],False)
([24,15,3,38,9],False)
([5,15,39,28,30],False)
([37,33,39,49,27],False)
([30,10,19,26,0],False)
([3,39,44,14,45],False)
([18,36,1,37,38],False)
([23,41,20,39,32],False)
([1,46,26,12,28],False)
([18,0,13,12,5],False)
([29,4,21,34,8],False)
([38,23,46,28,26],False)
([48,19,24,31,14],False)
([8,4,21,0,26],False)
([38,4,39,24,49],False)
([16,13,31,23,44],False)
([8,22,24,39,30],False)
([5,41,43,34,16],False)
([16,13,10,9,4],False)
([28,32,48,29,14],False)
([22,29,35,21,41],False)
([0,10,38,5,4],False)
([39,13,3,16,5],False)
([2,43,29,7,27],False)
([13,27,43,33,48],False)
([25,34,4,15,33],False)
([34,44,26,0,45],False)
([47,24,15,18,11],False)
([12,15,43,17,40],False)
([15,46,47,14,3],False)
([12,9,2,15,1],False)
([16,20,22,19,46],False)
([29,16,17,38,30],False)
([10,49,22,9,13],False)
([4,43,47,16,20],False)
([30,38,27,3,44],False)
([16,36,3,40,10],False)
([4,20,26,40,3],False)
([13,34,46,6,16],False)
([31,21,5,36,42],False)
([13,42,34,26,49],False)
([8,4,3,30,16],False)
([10,27,22,43,38],False)
([4,12,13,1,31],False)
([35,39,24,18,29],False)
([3,9,1,24,5],False)
([14,36,46,25,18],False)
([33,43,49,36,3],False)
([23,12,22,38,6],False)
([20,33,45,10,48],False)
([5,38,44,37,16],False)
([33,8,23,6,20],False)
([46,22,25,2,21],False)
([36,28,10,32,40],False)
([27,32,7,3,1],False)
([13,2,16,39,42],False)
([14,48,25,39,19],False)
([15,33,2,23,39],False)
([28,36,46,44,27],False)
([12,32,42,23,21],False)
([24,13,33,45,22],False)
([6,49,31,12,18],False)
([37,39,38,44,20],False)
([21,30,26,47,2],False)
([26,37,10,19,11],False)
([7,10,35,11,30],False)
([26,42,24,45,44],False)
([43,40,39,2,45],False)
([37,30,16,42,46],False)
([43,32,28,1,30],False)
([18,24,43,21,37],False)
([4,7,40,41,2],False)
([18,12,28,39,46],False)
([11,5,24,8,38],False)
([46,30,25,39,22],False)
([0,4,40,12,26],False)
([45,28,48,40,25],False)
([43,33,9,27,47],False)
([32,29,30,42,6],False)
([38,15,49,46,19],False)
([40,24,12,41,47],False)
([46,1,34,14,26],False)
([46,2,1,8,43],False)
([4,26,22,8,18],False)
([16,25,45,5,47],False)
([15,20,14,27,6],False)
([40,29,1,43,3],False)
([6,28,31,40,35],False)
([39,7,15,2,37],False)
([4,14,45,38,2],False)
([23,40,39,6,5],False)
([0,8,18,29,6],False)
([22,3,10,26,9],False)
([4,30,29,10,6],False)
([19,21,12,32,38],False)
([20,43,25,47,3],False)
([16,9,39,1,35],False)
([29,31,30,49,2],False)
([45,47,26,24,34],False)
([37,0,9,48,26],False)
([8,9,2,42,47],False)
([47,34,26,14,7],False)
([32,45,10,25,47],False)
([3,8,7,6,11],False)
([19,46,41,6,34],False)
([38,46,7,39,43],False)
([9,20,31,39,10],False)
([49,7,35,38,24],False)
([20,40,15,2,12],False)
([38,36,7,47,26],False)
([19,3,32,28,38],False)
([25,5,16,49,1],False)
([15,29,49,20,17],False)
([47,18,36,14,49],False)
([18,27,8,40,42],False)
([19,30,23,32,34],False)
([36,44,19,14,49],False)
([2,46,16,43,27],False)
([28,31,13,39,44],False)
([7,22,25,48,28],False)
([30,14,43,22,15],False)
