([16,24],False)
([37,20,49],False)
([19,3,30],False)
([48,43,44],True)
([24,39,23],False)
([12,11,15],False)
([2,6,7],False)
([13,14,29],False)
([16,29,8],False)
([2,41,35,49],False)
([36,6,43,45],False)
([41,22,4,15],False)
([24,33,0,1],False)
([10,25,17,16],False)
([16,26,3,6],False)
([22,26,8,49],False)
([43,4,17,45],False)
([10,16,23,22],False)
([46,35,36,13],False)
([26,37,3,4],False)
([29,1,4,15],False)
([48,35,42,23],False)
([10,45,21,5],False)
([13,10,29,2],False)
([12,40,16,27],False)
([26,13,45,41],False)
([21,24,7,31],False)
([16,13,38,31],False)
([33,19,28,17],False)
([2,31,27,41],False)
([34,31,3,7],False)
([12,37,49,6],False)
([18,27,29,14],False)
([43,23,35,24],False)
([32,35,9,46],False)
([2,19,1,27],False)
([49,2,8,40],False)
([34,6,2,35],False)
([26,21,8,0],False)
([17,12,40,21],False)
([34,38,43,5],False)
([30,1,17,4],False)
([8,39,46,32],False)
([0,23,14,42],False)
([29,36,35,24],False)
([13,1,49,31],False)
([22,46,16,17],False)
([41,8,39,2],False)
([32,14,8,44],False)
([45,18,40,10],False)
([33,42,35,24],False)
([29,27,49,7],False)
([9,18,26,47],False)
([26,13,34,7],False)
([4,18,39,11],False)
([49,34,38,29],False)
([5,7,13,14],False)
([7,40,42,4],False)
([5,10,4,43],False)
([24,2,35,13],False)
([9,26,46,23],False)
([36,47,31,44],False)
([39,44,28,12],False)
([21,42,45,15],False)
([17,38,15,23],False)
([40,43,34,36],False)
([48,29,47,10],False)
([1,18,46,34],False)
([15,25,48,46],False)
([0,37,18,47],False)
([34,43,35,16],False)
([36,28,29,35],False)
([29,8,13,43],False)
([46,12,3,7],False)
([19,34,23,1],False)
([7,22,25,19],False)
([16,33,40,45],False)
([33,36,35,4],False)
([43,18,10,21],False)
([4,40,10,38],False)
([40,3,19,42],False)
([34,19,20,47],False)
([47,26,46,34],False)
([37,1,43,33],False)
([35,13,20,48],False)
([24,48,29,28],False)
([28,8,12,22],False)
([8,45,11,21],False)
([34,14,5,38],False)
([42,25,46,16],False)
([22,49,24,5],False)
([1,26,12,35],False)
([20,36,0,11],False)
([31,35,41,28],False)
([20,9,23,29],False)
([34,12,13,19],False)
([26,32,38,3],False)
([47,26,48,1],False)
([11,1,2,9],False)
([9,12,33,28],False)
([40,44,23,2],False)
([37,31,8,2],False)
([0,22,18,16],False)
([45,14,9,33],False)
([10,11,26,1],False)
([43,30,40,41],False)
([47,4,24,8,1],False)
([47,1,16,38,33],False)
([0,7,33,12,18],False)
([10,19,26,35,22],False)
([17,40,7,14,45],False)
([49,28,40,30,6],False)
([3,27,0,5,6],False)
([9,46,44,26,38],False)
([44,6,16,8,34],False)
([40,0,48,21,29],False)
([2,21,30,8,45],False)
([32,43,8,5,22],False)
([6,3,48,5,31],False)
([6,41,28,10,47],False)
([34,7,13,27,11],False)
([37,35,30,23,21],False)
([4,13,2,7,10],False)
([4,31,20,12,6],False)
([8,2,0,13,39],False)
([37,34,49,21,0],False)
([29,30,7,35,1],False)
([3,13,14,41,9],False)
([20,23,32,12,43],False)
([5,14,1,33,27],False)
([10,18,32,39,4],False)
([17,41,5,42,13],False)
([42,15,47,20,22],False)
([3,35,46,40,32],False)
([9,34,46,43,1],False)
([31,14,28,5,45],False)
([13,31,35,10,15],False)
([20,42,2,19,12],False)
([48,20,40,47,10],False)
([5,26,44,11,35],False)
([39,27,16,24,44],False)
([25,4,38,22,23],False)
([23,46,4,42,35],False)
([41,11,1,26,32],False)
([24,29,1,0,37],False)
([26,31,1,37,36],False)
([3,46,35,34,4],False)
([41,33,43,24,15],False)
([29,3,20,23,46],False)
([43,38,29,10,45],False)
([12,23,28,2,49],False)
([3,16,6,17,42],False)
([47,42,30,18,2],False)
([47,23,6,15,44],False)
([46,47,26,16,39],False)
([26,29,22,38,8],False)
([31,15,11,9,23],False)
([31,7,23,14,49],False)
([27,28,20,31,48],False)
([38,39,17,16,31],False)
([31,0,29,41,26],False)
([46,32,7,24,9],False)
([29,24,27,37,30],False)
([41,15,8,36,42],False)
([42,0,38,49,20],False)
([39,24,12,9,7],False)
([2,33,16,19,20],False)
([1,9,48,3,16],False)
([29,42,23,34,48],False)
([37,14,49,11,5],False)
([31,7,41,22,4],False)
([34,41,13,33,21],False)
([48,5,18,0,44],False)
([38,8,40,10,27],False)
([47,8,31,20,5],False)
([33,30,3,35,48],False)
([12,20,17,24,18],False)
([31,28,46,4,26],False)
([7,46,41,2,18],False)
([42,34,6,19,9],False)
([36,39,3,5,38],False)
([11,32,44,16,34],False)
([43,9,30,3,28],False)
([17,7,49,1,23],False)
([15,39,19,6,21],False)
([31,48,41,1,25],False)
([35,46,18,1,24],False)
([46,44,36,26,41],False)
([26,46,8,42,21],False)
([9,24,21,45,15],False)
([14,7,41,4,2],False)
([3,33,44,5,19],False)
([7,6,15,43,28],False)
([29,9,10,27,44],False)
([11,19,34,16,25],False)
([38,2,27,7,19],False)
([26,12,48,39,20],False)
([1,3,23,20,38],False)
([48,42,49,23,43],False)
([20,40,35,26,47],False)
([1,26,43,8,34],False)
([35,49,47,23,6],False)
([24,32,34,49,27],False)
([36,37,14,43,40],False)
([28,29,34,30,12],False)
([13,37,32,3,43],False)
([8,23,35,28,43],False)
([39,2,40,5,48],False)
([18,34,49,40,8],False)
([44,39,15,40,46],False)
([12,25,35,13,24],False)
([8,34,19,10,21],False)
([48,42,5,26,44],False)
([11,49,30,45,38],False)
([16,6,20,21,31],False)
([5,24,26,33,17],False)
([19,0,20,49,16],False)
([21,44,34,25,8],False)
([29,44,36,48,38],False)
([2,41,7,31,22],False)
([12,32,6,19,35],False)
([27,3,26,38,44],False)
([45,10,39,23,17],False)
([17,28,32,15,22],False)
([1,19,34,23,27],False)
([15,24,36,9,22],False)
([42,27,46,14,23],False)
([20,4,44,18,6],False)
([34,47,1,41,44],False)
([20,16,8,37,45],False)
([35,44,36,10,45],False)
([47,0,13,44,8],False)
([25,12,23,32,18],False)
([10,34,7,8,0],False)
([9,18,33,32,29],False)
([46,39,22,44,25],False)
([31,18,41,46,32],False)
([8,37,42,24,15],False)
([33,5,36,14,17],False)
([29,48,27,8,23],False)
([32,45,43,46,3],False)
([21,24,33,20,19],False)
([23,48,16,27,6],False)
([24,8,18,47,27],False)
([6,46,34,35,27],False)
([22,37,10,2,0],False)
([47,5,3,42,43],False)
([45,49,39,1,30],False)
([25,12,43,15,2],False)
([26,40,21,30,44],False)
([21,8,25,48,3],False)
([4,41,23,31,20],False)
([19,37,44,4,13],False)
([45,0,27,46,23],False)
([48,10,38,30,16],False)
([21,46,10,20,41],False)
([10,29,42,6,35],False)
([14,18,27,42,7],False)
([40,26,2,43,13],False)
([26,35,29,23,7],False)
([3,29,10,0,20],False)
([21,26,15,40,1],False)
([9,31,26,15,30],False)
([34,1,4,23,30],False)
([25,16,26,21,43],False)
([0,42,18,15,17],False)
([18,24,6,35,1],False)
([36,22,13,5,39],False)
([36,25,31,2,13],False)
([41,31,9,33,14],False)
([42,44,19,26,47],False)
([12,38,33,3,1],False)
([30,11,7,37,14],False)
([30,1,20,44,5],False)
([5,12,49,30,27],False)
([44,45,4,18,25],False)
([29,27,36,12,26],False)
([20,9,11,28,31],False)
([10,19,8,32,26],False)
([42,37,33,24,0],False)
([16,40,44,5,28],False)
([12,22,33,24,9],False)
([39,16,33,7,27],False)
([14,30,16,28,4],False)
([31,3,9,39,21],False)
([23,35,0,36,5],False)
([12,6,16,30,23],False)
([17,40,37,6,24],False)
([9,20,22,33,5],False)
([14,12,3,0,10],False)
([34,4,18,46,3],False)
([38,29,34,1,9],False)
([9,45,1,28,22],False)
([30,27,13,28,17],False)
([21,29,13,33,18],False)
([18,6,28,15,45],False)
([3,15,18,46,41],False)
([30,9,15,36,31],False)
([9,10,37,8,0],False)
([11,41,12,24,15],False)
([37,30,29,45,23],False)
([42,11,12,34,47],False)
([5,37,32,34,3],False)
([37,48,29,39,34],False)
([19,17,40,46,5],False)
([37,31,46,9,38],False)
([13,31,38,44,3],False)
([46,23,18,42,4],False)
([9,38,47,36,39],False)
([18,3,12,29,40],False)
([21,24,29,46,16],False)
([7,24,22,1,38],False)
([45,14,46,35,30],False)
([36,48,25,22,17],False)
([31,17,25,41,33],False)
([27,6,31,4,1],False)
([11,36,35,28,13],False)
([13,41,22,7,43],False)
([26,19,35,37,4],False)
([32,17,41,43,15],False)
([49,26,27,36,2],False)
([16,4,24,43,6],False)
([6,27,34,21,31],False)
([1,33,3,45,12],False)
([11,4,31,2,1],False)
([17,18,20,12,11],False)
([41,26,11,18,32],False)
([49,6,19,41,9],False)
([25,16,34,46,3],False)
([41,31,36,43,7],False)
([33,18,3,22,39],False)
([39,14,3,31,11],False)
([29,37,38,11,34],False)
([14,45,28,33,34],False)
([40,3,22,16,42],False)
([22,49,21,37,43],False)
([44,42,22,43,20],False)
([48,2,9,30,34],False)
([5,29,36,13,3],False)
([48,11,14,13,28],False)
([24,11,1,10,7],False)
([29,12,25,21,15],False)
([8,37,22,33,43],False)
([24,44,41,0,36],False)
([49,25,45,15,28],False)
([34,12,49,6,22],False)
([33,15,31,47,28],False)
([27,48,40,37,44],False)
([22,20,26,48,40],False)
([19,34,38,44,29],False)
([11,21,36,7,28],False)
([39,3,8,25,40],False)
([1,45,15,21,6],False)
([43,12,4,11,32],False)
([19,36,37,2,12],False)
([6,46,19,26,9],False)
([9,36,24,48,38],False)
([45,10,11,30,38],False)
([49,35,10,33,7],False)
([41,27,45,13,16],False)
([16,11,32,2,47],False)
([39,46,11,28,27],False)
([7,15,6,24,0],False)
([31,20,47,16,32],False)
([32,2,38,44,35],False)
([20,14,24,33,32],False)
([36,5,13,48,30],False)
([7,27,38,0,3],False)
([47,40,12,18,0],False)
([4,40,24,20,2],False)
([7,45,20,5,18],False)
([10,29,40,2,38],False)
([12,18,42,20,27],False)
([40,10,25,37,34],False)
([21,36,40,2,30],False)
([12,11,27,33,22],False)
([48,15,26,47,45],False)
([43,29,48,37,6],False)
([1,3,23,43,7],False)
([32,26,6,25,18],False)
([19,20,21,11,45],False)
([14,49,3,18,39],False)
([10,19,14,21,48],False)
([3,5,31,18,40],False)
([7,44,24,11,40],False)
([18,45,4,2,36],False)
([30,20,7,9,0],False)
([40,4,48,11,25],False)
([30,5,21,29,9],False)
([31,17,39,10,29],False)
([47,13,41,18,2],False)
([12,48,44,29,36],False)
([49,18,31,24,46],False)
([16,23,11,34,4],False)
([28,22,42,39,31],False)
([31,1,46,21,29],False)
([17,19,16,7,10],False)
([17,43,47,8,24],False)
([2,40,15,32,28],False)
([25,7,44,40,11],False)
([8,37,41,44,14],False)
([35,34,10,9,24],False)
([30,49,18,7,15],False)
([24,36,15,35,25],False)
([25,20,37,35,27],False)
([29,2,30,36,17],False)
([20,35,8,11,29],False)
([43,33,47,7,15],False)
([29,31,23,38,22],False)
([6,10,24,43,18],False)
([0,48,19,7,8],False)
([43,39,4,23,36],False)
([37,10,42,11,23],False)
([4,21,46,45,9],False)
([41,20,19,6,47],False)
([47,10,40,11,26],False)
([41,46,43,22,14],False)
([24,9,17,8,15],False)
([22,32,6,43,37],False)
([34,33,39,32,17],False)
([12,1,22,4,16],False)
([3,35,49,36,27],False)
([41,44,12,40,39],False)
([44,3,10,8,16],False)
([46,29,33,23,47],False)
([22,0,43,23,49],False)
([4,21,0,22,7],False)
([46,15,18,14,30],False)
([43,45,3,1,39],False)
([1,24,8,13,33],False)
([18,1,44,26,33],False)
([6,21,46,7,41],False)
([35,10,32,28,12],False)
([20,43,21,30,14],False)
([24,5,6,31,21],False)
([19,8,43,28,34],False)
([31,48,37,24,5],False)
([5,34,35,7,16],False)
([19,6,13,25,24],False)
([2,48,42,33,31],False)
([26,24,14,38,32],False)
([39,43,29,19,25],False)
([12,4,34,24,47],False)
([25,29,9,1,6],False)
([21,17,20,3,7],False)
([39,45,32,36,10],False)
([49,25,36,15,12],False)
([45,9,6,5,17],False)
([42,35,36,40,23],False)
([37,41,33,34,28],False)
([35,5,14,1,49],False)
([32,49,23,22,2],False)
([28,47,17,49,12],False)
([23,21,33,4,14],False)
([36,46,44,45,11],False)
([37,26,32,2,44],False)
([46,30,14,16,22],False)
([33,34,15,25,19],False)
([47,38,23,39,0],False)
([38,8,16,15,45],False)
([6,0,8,17,46],False)
([42,17,46,8,28],False)
([14,4,35,12,23],False)
([35,42,41,40,28],False)
([34,1,25,16,45],False)
([38,40,16,23,34],False)
([39,14,37,21,8],False)
([46,42,1,15,9],False)
([29,36,7,22,44],False)
([48,6,28,3,7],False)
([18,24,3,2,42],False)
([47,39,13,16,14],False)
([27,6,1,36,42],False)
([15,48,42,7,22],False)
([15,43,28,40,47],False)
([25,21,28,27,23],False)
([4,10,42,44,19],False)
([13,15,7,5,47],False)
([21,30,13,14,41],False)
([0,44,23,39,1],False)
([13,12,25,1,26],False)
([37,3,33,40,44],False)
([17,30,47,43,18],False)
([21,10,30,34,41],False)
([4,42,29,30,46],False)
([49,18,10,0,47],False)
([4,11,41,33,37],False)
([44,45,49,5,20],False)
([4,44,12,16,34],False)
([3,8,28,14,4],False)
([17,34,9,5,10],False)
([15,38,42,44,29],False)
([42,24,4,37,18],False)
([32,26,25,10,36],False)
([27,38,1,37,47],False)
([42,32,21,9,31],False)
([18,34,49,9,11],False)
([19,43,28,4,42],False)
([43,10,3,27,20],False)
([8,42,3,6,26],False)
([25,4,9,7,30],False)
([8,17,41,42,9],False)
([4,36,27,31,39],False)
([0,4,49,31,45],False)
([26,3,37,1,22],False)
([4,45,13,2,32],False)
([39,13,43,7,4],False)
([4,22,9,30,25],False)
([37,47,2,10,46],False)
([2,39,40,10,21],False)
([35,14,3,18,6],False)
([42,33,20,31,41],False)
([22,48,16,21,14],False)
([26,10,18,4,29],False)
([22,3,32,8,23],False)
([19,16,32,35,13],False)
([1,2,41,31,43],False)
([2,44,8,28,38],False)
([10,15,38,32,5],False)
([14,41,46,32,24],False)
([21,36,16,33,37],False)
([20,43,5,37,31],False)
([17,25,7,36,8],False)
([1,17,37,0,31],False)
([30,7,16,14,1],False)
([15,22,45,23,28],False)
([11,37,29,9,33],False)
([32,22,19,6,7],False)
([33,5,1,42,20],False)
([40,11,25,49,44],False)
([18,39,5,37,20],False)
([47,4,32,25,39],False)
([30,20,17,23,26],False)
([39,11,22,17,6],False)
([43,21,1,0,15],False)
([31,27,20,13,3],False)
([39,27,34,8,2],False)
([22,48,23,15,29],False)
([34,4,27,19,17],False)
([4,6,2,17,14],False)
([8,7,11,1,44],False)
([9,26,15,48,39],False)
([26,10,45,19,7],False)
([45,28,29,1,36],False)
([11,34,18,33,9],False)
([31,36,20,24,9],False)
([16,22,32,19,35],False)
([20,18,12,6,48],False)
([30,36,44,24,8],False)
([34,1,47,33,5],False)
([5,11,43,28,23],False)
([34,0,45,42,49],False)
([14,33,25,19,22],False)
([1,47,5,42,28],False)
([34,25,36,35,11],False)
([23,22,31,30,29],False)
([37,12,31,34,45],False)
([14,7,1,8,39],False)
([31,14,34,24,49],False)
([33,34,28,45,21],False)
([40,17,42,10,18],False)
([36,43,25,5,34],False)
([37,12,43,46,24],False)
([6,20,47,5,32],False)
([31,3,5,14,1],False)
([14,9,26,10,48],False)
([40,5,2,21,32],False)
([7,10,12,0,32],False)
([31,45,20,7,18],False)
([0,49,39,35,9],False)
([39,30,42,38,49],False)
([23,49,3,27,38],False)
([4,43,3,20,41],False)
([48,17,47,24,9],False)
([22,44,39,42,19],False)
([18,6,39,10,29],False)
([38,15,5,25,32],False)
([27,10,17,48,37],False)
([1,14,36,48,30],False)
([38,0,11,8,29],False)
([0,11,4,20,17],False)
([26,16,20,4,9],False)
([17,3,43,47,0],False)
([5,0,20,30,4],False)
([38,4,21,12,36],False)
([6,21,12,34,0],False)
([48,25,11,9,47],False)
([47,31,40,9,32],False)
([46,4,26,23,7],False)
([47,15,17,30,49],False)
([48,23,46,0,27],False)
([10,16,30,23,12],False)
([27,6,1,7,41],False)
([45,39,36,49,11],False)
([11,48,21,20,5],False)
([3,13,47,28,44],False)
([46,31,4,38,7],False)
([18,30,10,16,32],False)
([4,26,8,48,3],False)
([20,44,34,9,43],False)
([40,45,36,11,32],False)
([31,27,23,12,32],False)
([9,24,11,0,19],False)
([46,16,1,47,27],False)
([3,36,17,13,24],False)
([31,5,20,41,15],False)
([15,41,5,22,4],False)
([27,15,21,18,25],False)
([44,19,28,43,38],False)
([33,29,15,10,32],False)
([14,27,48,44,9],False)
([33,2,4,17,44],False)
([9,44,27,18,48],False)
([13,19,7,35,20],False)
([37,42,48,46,39],True)
([18,3,16,2,19],False)
([35,32,39,12,7],False)
([39,38,19,23,5],False)
([22,1,6,36,17],False)
([28,7,48,49,18],False)
([5,14,47,31,45],False)
([44,19,34,35,4],False)
([28,18,27,21,20],False)
([0,4,49,9,48],False)
([2,30,47,46,43],False)
([24,5,11,39,48],False)
([37,15,22,2,3],False)
([18,21,11,6,20],False)
([17,18,35,4,48],False)
([20,48,34,44,37],False)
([34,35,14,11,28],False)
([43,39,7,4,8],False)
([48,46,42,39,38],True)
([5,40,7,32,9],False)
([36,45,42,5,4],False)
([28,44,42,25,46],False)
([0,26,9,12,48],False)
([46,9,3,19,14],False)
([29,49,24,18,7],False)
([28,42,7,45,44],False)
([10,21,23,1,8],False)
([11,13,38,2,26],False)
([8,23,15,31,20],False)
([18,1,44,40,3],False)
([11,49,22,3,48],False)
([42,2,44,47,10],False)
([30,47,0,14,42],False)
([27,0,5,17,39],False)
([42,33,35,0,46],False)
([10,37,8,41,34],False)
([15,14,44,43,27],False)
([4,39,11,47,28],False)
([34,30,15,27,24],False)
([10,4,5,48,33],False)
([6,15,30,34,26],False)
([35,46,40,20,23],False)
([29,18,12,14,46],False)
([39,37,46,32,35],False)
([11,28,35,0,32],False)
([45,18,23,3,29],False)
([8,31,29,40,41],False)
([45,32,20,25,2],False)
([44,19,38,13,20],False)
([38,45,12,16,34],False)
([14,27,21,5,40],False)
([29,37,32,12,18],False)
([24,38,30,14,29],False)
([39,41,40,42,43],True)
([40,4,13,38,33],False)
([36,16,7,5,21],False)
([34,28,30,31,27],False)
([23,48,14,15,28],False)
([19,5,0,20,8],False)
([18,39,48,2,4],False)
([23,22,35,18,43],False)
([17,23,5,45,32],False)
([5,42,1,23,22],False)
([35,49,38,15,14],False)
([22,10,12,4,27],False)
([7,21,10,39,32],False)
([37,1,26,47,49],False)
([46,4,42,10,41],False)
([5,13,48,6,12],False)
([48,14,10,16,36],False)
([17,0,33,3,12],False)
([24,33,30,10,19],False)
([19,28,1,7,41],False)
([24,9,40,44,17],False)
([40,29,17,41,5],False)
([43,23,37,5,2],False)
([9,26,20,18,30],False)
([20,2,26,15,3],False)
([46,44,0,2,43],False)
([42,39,48,41,30],False)
([12,30,11,6,40],False)
([3,19,29,7,11],False)
([9,2,0,11,34],False)
([12,4,44,28,25],False)
([43,30,33,35,3],False)
([32,44,11,12,39],False)
([33,1,31,49,35],False)
([42,15,33,11,47],False)
([35,22,17,7,34],False)
([47,32,45,3,46],False)
([24,19,49,23,6],False)
([0,45,30,32,7],False)
([4,14,22,8,45],False)
([32,28,44,3,16],False)
([5,0,13,31,24],False)
([16,9,26,1,37],False)
([26,16,4,15,37],False)
([13,22,0,21,43],False)
([18,6,48,20,23],False)
([6,28,46,13,11],False)
([5,29,15,47,6],False)
([42,8,31,11,12],False)
([39,24,31,47,17],False)
([30,38,27,11,12],False)
([44,9,21,3,30],False)
([35,0,39,16,28],False)
([11,32,21,6,40],False)
([27,6,47,8,39],False)
([31,7,35,19,14],False)
([31,48,36,3,4],False)
([47,48,35,16,7],False)
([40,38,47,43,34],False)
([44,27,43,25,7],False)
([20,4,0,36,42],False)
([44,18,25,39,12],False)
([12,48,33,32,5],False)
([14,41,34,13,18],False)
([2,8,40,10,12],False)
([6,41,11,7,36],False)
([38,13,28,45,47],False)
([19,13,25,14,16],False)
([17,14,11,34,7],False)
([22,24,35,42,25],False)
([7,5,8,32,23],False)
([25,41,47,18,3],False)
([40,37,42,10,33],False)
([35,41,14,18,29],False)
([3,48,22,36,27],False)
([3,20,31,35,44],False)
([38,17,5,8,31],False)
([5,2,8,38,7],False)
([15,16,13,39,23],False)
([17,15,20,16,25],False)
([38,3,18,22,41],False)
([42,21,11,16,18],False)
([38,10,8,36,15],False)
([8,39,25,33,12],False)
([44,30,41,15,1],False)
([48,18,44,21,2],False)
([19,22,9,8,26],False)
([6,12,8,11,10],False)
([39,32,23,36,24],False)
([3,1,7,32,30],False)
([32,1,41,4,36],False)
([31,9,25,19,37],False)
([35,33,2,31,28],False)
([21,37,48,26,31],False)
([14,5,2,9,28],False)
([11,10,46,26,48],False)
([44,7,17,49,9],False)
([23,27,17,9,18],False)
([25,9,35,8,13],False)
([36,3,29,45,19],False)
([41,38,16,12,24],False)
([30,44,45,47,35],False)
([7,40,44,34,26],False)
([38,46,13,8,29],False)
([13,49,25,35,15],False)
([14,23,27,6,15],False)
([36,20,25,1,33],False)
([1,26,30,35,22],False)
([45,35,32,43,20],False)
([29,26,16,20,41],False)
([12,23,41,31,15],False)
([28,10,41,17,5],False)
([16,46,31,44,23],False)
([45,14,37,10,48],False)
([23,26,2,9,42],False)
([47,9,48,14,12],False)
([26,14,2,8,18],False)
([43,48,7,26,10],False)
([48,10,36,4,33],False)
([36,33,39,14,7],False)
([5,44,47,13,7],False)
([22,2,34,1,23],False)
([33,29,48,41,7],False)
([14,34,11,13,44],False)
([23,15,45,37,30],False)
([3,13,46,19,8],False)
([33,1,38,21,14],False)
([26,19,39,29,9],False)
([6,34,47,3,35],False)
([11,31,19,16,37],False)
([46,11,25,43,48],False)
([46,12,40,13,20],False)
([25,18,24,32,11],False)
([44,5,20,15,32],False)
([48,11,23,24,12],False)
([19,1,13,22,44],False)
([24,22,41,32,25],False)
([12,42,29,25,45],False)
([9,44,39,48,31],False)
([19,43,44,29,37],False)
([48,29,26,13,11],False)
([13,44,8,2,41],False)
([45,12,16,20,43],False)
([34,1,14,38,41],False)
([48,30,9,15,26],False)
([40,43,39,16,29],False)
([11,35,37,41,29],False)
([16,45,41,3,9],False)
([13,41,16,20,15],False)
([0,44,2,37,21],False)
([42,35,24,38,44],False)
([42,4,13,39,28],False)
([45,5,2,4,10],False)
([16,46,18,8,13],False)
([1,9,31,29,21],False)
([42,8,49,10,36],False)
([10,39,35,8,24],False)
([41,14,31,11,32],False)
([0,12,35,20,47],False)
([42,1,7,10,6],False)
([40,21,37,12,26],False)
([31,12,11,39,26],False)
([36,20,22,6,18],False)
([35,16,46,20,47],False)
([33,28,22,15,49],False)
([44,3,16,10,14],False)
([14,49,30,46,33],False)
([30,6,9,22,12],False)
([39,16,21,24,13],False)
([25,37,4,39,13],False)
([23,39,9,49,33],False)
([17,3,14,10,1],False)
([8,37,43,27,5],False)
([26,6,7,32,25],False)
([27,28,10,11,18],False)
([36,39,12,28,33],False)
([7,19,36,5,13],False)
([5,6,28,35,11],False)
([36,18,34,4,29],False)
([13,15,26,40,23],False)
([28,14,3,10,16],False)
([7,14,4,18,10],False)
([19,14,45,12,48],False)
([28,47,36,22,44],False)
([35,39,6,30,37],False)
([17,46,29,33,5],False)
([20,3,15,0,16],False)
([15,0,6,19,33],False)
([35,31,15,25,33],False)
([36,40,20,45,44],False)
([9,8,40,42,6],False)
([49,37,46,11,3],False)
([23,32,36,19,21],False)
([32,5,2,42,27],False)
([16,15,9,49,32],False)
([18,31,6,7,49],False)
([5,10,0,16,1],False)
([2,44,4,21,14],False)
([14,36,5,47,7],False)
([10,43,4,8,25],False)
([7,13,35,6,5],False)
([14,31,12,30,40],False)
([21,2,10,29,19],False)
([5,4,37,16,41],False)
([39,14,44,35,6],False)
([33,18,49,28,35],False)
([31,10,18,14,6],False)
([33,6,49,21,18],False)
([42,25,38,34,18],False)
([6,11,37,5,26],False)
([20,0,14,8,12],False)
([36,11,0,24,25],False)
([44,45,21,18,14],False)
([37,6,13,26,39],False)
([25,48,2,23,18],False)
([35,12,1,20,47],False)
([8,48,43,3,34],False)
([46,3,8,44,27],False)
([33,26,15,21,0],False)
([42,21,18,27,48],False)
([22,4,29,41,48],False)
([5,43,29,37,20],False)
([22,12,5,8,32],False)
([14,19,1,35,9],False)
([4,26,42,16,11],False)
([3,19,2,1,49],False)
([14,0,10,45,13],False)
([40,11,45,26,6],False)
([46,38,32,28,17],False)
([19,12,28,21,2],False)
([29,49,36,43,6],False)
([9,43,39,46,38],False)
([4,27,22,49,26],False)
([8,14,39,7,19],False)
([49,45,24,47,39],False)
([13,27,38,34,11],False)
([36,8,30,11,5],False)
([21,1,6,20,28],False)
([48,22,18,46,44],False)
([2,16,26,29,36],False)
([35,1,44,37,4],False)
([49,3,28,35,2],False)
([33,25,31,37,14],False)
([25,4,30,6,33],False)
([40,24,25,13,20],False)
([43,22,44,14,37],False)
([29,21,17,20,25],False)
([37,8,29,25,24],False)
([42,43,16,17,19],False)
([23,27,29,20,48],False)
([3,37,34,44,33],False)
([26,7,40,25,10],False)
([17,31,44,43,45],False)
([36,42,12,34,28],False)
([21,19,16,7,8],False)
([47,15,31,7,38],False)
([36,31,23,25,34],False)
([12,38,32,28,36],False)
([47,39,13,41,29],False)
([11,12,1,41,20],False)
([23,44,10,27,42],False)
([5,6,37,36,29],False)
([40,30,44,45,31],False)
([18,10,19,16,42],False)
([34,0,42,21,32],False)
([15,46,7,22,11],False)
([19,24,23,10,17],False)
([27,18,11,21,10],False)
([45,40,17,4,39],False)
([49,39,19,20,12],False)
([25,5,37,48,18],False)
([7,44,16,24,13],False)
([1,6,33,19,17],False)
([0,44,20,15,2],False)
([14,17,21,9,40],False)
([10,23,8,33,9],False)
([42,43,1,2,12],False)
([22,21,31,47,5],False)
([6,47,15,33,34],False)
([26,41,29,43,3],False)
([31,10,29,30,45],False)
([4,49,11,27,30],False)
([15,9,13,39,37],False)
([5,10,37,43,48],False)
([39,38,27,45,5],False)
([39,7,14,29,23],False)
([38,6,49,16,44],False)
([3,32,41,21,47],False)
([36,29,37,16,45],False)
([2,14,1,45,27],False)
([36,23,44,4,31],False)
([48,33,40,39,13],False)
([32,3,26,31,28],False)
([20,7,5,24,44],False)
([35,25,18,43,8],False)
([35,49,0,27,42],False)
([30,34,45,44,31],False)
([47,17,11,2,8],False)
([39,13,29,28,4],False)
([47,35,32,49,43],False)
([26,6,36,0,5],False)
([48,0,26,28,1],False)
([27,30,29,6,37],False)
([41,22,37,25,49],False)
([47,33,22,16,21],False)
([20,47,33,34,35],False)
([3,14,18,34,4],False)
([49,14,3,22,33],False)
([49,48,39,14,24],False)
([7,14,34,18,25],False)
([17,35,40,21,18],False)
([32,13,36,39,38],False)
([3,2,13,31,27],False)
([2,20,26,30,24],False)
([4,27,44,28,48],False)
([15,11,32,42,41],False)
([33,12,40,38,15],False)
([28,38,9,31,37],False)
([15,30,40,26,48],False)
([39,15,33,42,48],False)
([29,30,20,45,24],False)
([49,10,41,22,17],False)
([12,43,46,11,48],False)
([25,29,49,0,46],False)
([21,28,15,12,18],False)
([17,22,33,43,31],False)
([46,35,21,3,48],False)
([0,25,9,24,40],False)
([17,19,34,48,10],False)
([15,2,39,13,23],False)
([37,48,30,38,8],False)
([2,17,12,10,1],False)
([20,7,28,49,11],False)
