([0,4,5,10,11,17,25],False)
([5,8,12,14,16,28,29],False)
([10,12,15,18,20,21,29],False)
([1,3,6,9,24,25,27],False)
([0,1,7,11,19,25,29],False)
([3,4,10,11,15,28,29],False)
([10,14,15,20,21,27,28],False)
([4,5,10,11,13,15,26],False)
([4,9,16,17,18,25],False)
([2,11,17,19,20,27,29],False)
([2,5,10,11,19,23,28],False)
([5,6,7,13,15,17,24],False)
([0,5,10,22,26,28],False)
([0,10,12,14,17,27,28],False)
([7,11,14,15,20,21],False)
([1,6,15,20,21,26,29],False)
([4,5,13,14,20,21,29],False)
([1,3,4,11,18,28,29],False)
([3,8,9,11,20,24,26],False)
([10,13,19,20,23,24,29],False)
([4,8,16,18,19,20,27],False)
([2,10,13,21,25,27,28],False)
([6,8,10,11,15,19,28],False)
([1,3,4,6,15,16,28],False)
([1,3,7,12,14,21,27],False)
([7,10,12,13,16,23,27],False)
([0,2,5,10,11,15,20],False)
([13,15,16,19,24,26,27],False)
([7,8,9,12,13,21,24],False)
([0,6,7,18,19,24,29],False)
([0,4,6,12,13,26,29],False)
([1,5,6,7,8,21,29],False)
([0,1,8,11,14,20,24],False)
([1,2,5,7,14,17,29],False)
([0,2,7,9,17,24,28],False)
([4,7,9,16,19,25,27],False)
([0,3,8,13,20,27],False)
([7,8,10,11,20,21,29],False)
([5,8,13,14,20,28,29],False)
([9,11,13,14,18,26,29],False)
([5,8,16,20,23,27,29],False)
([2,3,4,10,12,17,27],False)
([0,3,4,6,20,26,27],False)
([2,11,19,20,22,24],False)
([0,6,10,15,16,21,23],False)
([0,6,11,12,14,19,29],False)
([1,3,13,21,23,24],False)
([0,1,14,23,25,29],False)
([1,2,3,11,17,22,29],False)
([3,10,13,15,16,18,22],False)
([1,8,13,16],False)
([4,5,11,12,16,18,26],False)
([9,10,12,18,19,22,23],False)
([5,9,10,13,14,21,29],False)
([12,14,21,23,25,26,27],False)
([1,3,4,7,20,21,22],False)
([2,5,10,15,20,21,22],False)
([9,12,19,21,24],False)
([1,10,11,17,18,22,29],False)
([6,8,15,22,28,29],False)
([3,4,8,12,16,21,25],False)
([4,9,11,14,16,19,23],False)
([2,4,6,8,10,14,15],False)
([8,9,13,18,20,27,28],False)
([8,11,17,20],False)
([7,10,18,19,20,24,26],False)
([3,7,18,24,28],False)
([0,8,11,20,22,28,29],False)
([0,1,7,11,14,25,29],False)
([4,8,10,12,18,20,29],False)
([3,4,5,9,23,27,29],False)
([10,15,16,20,23,24,28],False)
([1,7,10,17,20,25,27],False)
([1,7,11,15,19,22,26],False)
([1,4,7,19,22,26,27],False)
([2,4,11,13,20,22,25],False)
([3,11,14,15,18,22],False)
([3,7,8,11,12,22,29],False)
([1,3,7,18,20,25,28],False)
([6,9,13,17,19,27,29],False)
([4,7,11,15,17,24,29],False)
([1,3,6,8,15,16,18],False)
([6,10,15,18,19,21,23],False)
([2,3,7,15,24,25,26],False)
([1,2,3,4,5,8,28],False)
([0,4,12,13,16,17,19],False)
([1,4,9,10,12,16,17],False)
([1,2,15,18,20,21,29],False)
([2,9,12,13,15,26,28],False)
([0,2,7,11,13,14,29],False)
([1,10,13,16,21,22,23],False)
([1,3,8,13,17,23,24],False)
([0,6,7,15,16,26,28],False)
([4,7,9,11,16,21,26],False)
([0,6,13,14,15,19,22],False)
([1,15,17,25,26,28],False)
([0,3,6,12,16,19,21],False)
([5,11,16,21,22,24,27],False)
([10,12,13,18,20,27],False)
([2,3,9,17,21,23,26],False)
([4,7,16,18,21,22,29],False)
([12,17,20,22,25,28],False)
([0,2,3,10,14,29],False)
([0,8,19,22,24,25,28],False)
([0,10,12,21,23,28],False)
([3,6,10,14,17,21,28],False)
([1,4,11,12,21,26,27],False)
([1,2,4,14,15,23,26],False)
([5,11,14,17,18,19,29],False)
([0,2,7,9,17,27,29],False)
([1,3,12,21,26,28,29],False)
([3,7,11,23,26,27,29],False)
([2,8,9,10,20,21,25],False)
([2,6,10,18,22,26],False)
([6,8,9,15,21,26,27],False)
([6,7,13,15,17,28],False)
([1,8,9,10,12,25],False)
([2,12,19,21,23,24,27],False)
([10,11,12,14,16,18,25],False)
([0,1,4,7,11,15,17],False)
([0,4,10,11,17,26],False)
([7,14,18,24,29],False)
([5,7,8,12,19,27,28],False)
([3,6,19,26,27,28],False)
([1,8,11,18,20,22,25],False)
([4,6,16,18,20,22],False)
([5,9,14,24,25,26,27],False)
([0,1,8,17,19,20],False)
([0,15,19,24,27,28],False)
([9,13,19,22,24,27,29],False)
([1,3,4,9,17,19,25],False)
([0,14,16,26],False)
([7,8,16,18,21,24],False)
([2,6,10,11,14,23],False)
([0,1,2,3,20,22,26],False)
([0,8,11,17,27],False)
([2,6,8,12,14,18,22],False)
([4,14,20,23,26,28,29],False)
([1,6,12,18,19,21,24],False)
([3,5,8,17,19,25,26],False)
([1,9,10,17,23,27],False)
([1,7,8,10,13,24,27],False)
([5,7,9,10,11,19,23],False)
([3,6,17,19,23,24,29],False)
([9,17,22,23,25],False)
([1,5,10,17,19,23],False)
([8,11,12,17,21,22,27],False)
([0,2,12,17,20,21],False)
([1,2,3,17,20,21,22],False)
([4,10,17,20,22,23,27],False)
([8,13,19,20,21,29],False)
([3,13,15,17,26,27,29],False)
([17,21,22,24,25,26,27],True)
([3,14,15,21,22,23,28],False)
([1,6,8,12,14,15,26],False)
([2,3,7,8,13,21,25],False)
([2,6,12,15,16,22,29],False)
([0,2,7,12,14,22,27],False)
([3,10,17,19,21,24,27],False)
([3,12,15,16,17,20,21],False)
([3,5,7,12,16,18],False)
([7,9,12,15,25,26,28],False)
([0,3,8,14,18,22,25],False)
([2,12,20,21,22,28,29],False)
([4,11,19,21,22,26,29],False)
([4,10,14,17,20,23,26],False)
([0,3,9,12,18,21,24],False)
([0,1,7,11,21,22,24],False)
([3,4,10,13,14,16,18],False)
([1,6,8,12,14,15,20],False)
([3,6,8,11,15,25,28],False)
([4,5,7,14,16,24,28],False)
([3,5,6,10,12,18,21],False)
([0,3,8,10,11,16,29],False)
([3,9,16,20,22,24,25],False)
([0,3,4,7,12,17,29],False)
([4,5,15,16,20,25,29],False)
([1,3,4,14,16,20,23],False)
([0,1,9,11,23],False)
([3,7,10,12,24,25],False)
([0,6,8,11,16,22,26],False)
([0,1,3,5,9,26,27],False)
([0,2,8,13,14,27,28],False)
([4,5,10,15,17,18,20],False)
([1,9,16,17,25,26,28],False)
([2,4,7,14,29],False)
([2,8,9,18,19,24,26],False)
([1,9,12,13,24,27],False)
([1,3,10,12,15,21,22],False)
([0,2,10,12,16,19,24],False)
([2,9,10,11,28],False)
([0,5,9,16,18,26,28],False)
([0,1,2,3,13,15,28],False)
([5,6,9,12,14,15,26],False)
([4,5,6,10,26,27,28],False)
([3,5,8,9,20,21,24],False)
([4,6,20,22,29],False)
([1,2,8,9,24,26,27],False)
([4,8,9,15,19,22],False)
([2,3,11,21,22,25,26],False)
([11,12,14,15,19,21,25],False)
([5,9,10,14,20,21,29],False)
([3,6,14,18,20,26],False)
([1,2,8,12,18,19,25],False)
([8,16,17,20,25,26],False)
([7,8,12,17,20,22],False)
([2,16,21,25,27,29],False)
([3,5,13,16,18,28],False)
([13,16,18,21,22,24,26],False)
([1,5,9,15,18,28,29],False)
([4,5,10,18,19,23,29],False)
([0,1,3,8,16,18,27],False)
([1,5,21,25,27,28],False)
([3,6,9,15,18,23,25],False)
([1,5,6,16,18,19,20],False)
([1,7,14,21,24,25,29],False)
([1,4,5,10,13,22,27],False)
([0,6,7,9,14,20],False)
([0,1,14,20,21,26,27],False)
([8,15,22,24,25,27,29],False)
([4,5,8,11,12,14,20],False)
([6,9,10,14,23,27,28],False)
([3,7,11,12,17,19,29],False)
([7,8,10,18,20,29],False)
([3,8,11,21,22,25,27],False)
([4,5,6,9,10,13,17],False)
([9,17,18,20,24,28],False)
([1,13,15,20,25,27,28],False)
([4,5,12,24,26,27,28],False)
([4,7,18,22,28,29],False)
([3,7,9,17,21,27,29],False)
([1,14,19,21,24,27,29],False)
([0,6,9,18,19,21,23],False)
([3,7,8,14,15,23,29],False)
([3,4,12,13,14,16,28],False)
([5,7,17,18,19,22,25],False)
([3,4,10,16,25,26,27],False)
([0,3,4,5,17,18,19],False)
([3,10,11,12,20,21,27],False)
([3,4,10,12,14,18,22],False)
([0,5,6,16,19,20,28],False)
([4,5,9,12,16,20,23],False)
([0,10,11,20,21,23,29],False)
([4,8,9,14,16,19,26],False)
([2,10,14,16,21,27],False)
([3,11,12,20,21,22],False)
([1,5,9,10,14,25,27],False)
([8,22,24,25],False)
([2,3,4,6,11,12,19],False)
([3,6,11,12,13,15,20],False)
([1,4,10,13,15,16,19],False)
([0,9,10,13,19,24],False)
([5,6,8,9,22,25,29],False)
([0,6,7,10,17,26,28],False)
([0,8,10,11,19,28,29],False)
([3,4,5,9,11,23,26],False)
([0,2,3,7,8,11,12],False)
([6,9,13,14,17,22,24],False)
([0,1,7,11,12,14,24],False)
([8,9,10,11,15,19,20],False)
([0,1,6,12,20,23,28],False)
([2,4,12,16,27,29],False)
([3,4,13,20,23,24],False)
([1,5,7,13,15,22,27],False)
([11,16,18,21,28],False)
([1,2,6,11,23,27,29],False)
([8,10,11,15,23,24,28],False)
([0,4,5,6,7,21,26],False)
([2,5,9,10,16,23,25],False)
([6,9,10,20,21,22,24],False)
([4,7,11,12,13,14],False)
([0,8,11,14,24,27,28],False)
([14,16,17,18,20,21,28],False)
([14,15,16,17,20,26,29],False)
([3,12,13,18,19,20,25],False)
([2,4,11,20,23,24,25],False)
([6,7,10,15,17,20],False)
([5,6,17,23,27,28,29],False)
([0,5,7,12,24,26],False)
([2,3,10,13,15,18,25],False)
([2,8,10,15,22,25,26],False)
([11,15,17,20,21,27],False)
([13,15,19,21,25,26],False)
([5,11,14,18,22,28],False)
([1,3,5,9,13,20],False)
([0,2,3,6,17,20,21],False)
([1,6,7,11,18,26,28],False)
([5,8,9,11,13,20],False)
([1,3,4,6,7,8,29],False)
([6,11,16,17,19,21,26],False)
([0,2,3,12,13,26,27],False)
([11,13,15,17,18,24,29],False)
([3,5,7,9,16,20,25],False)
([1,2,5,6,11,23,26],False)
([10,15,16,21],False)
([4,8,11,15,19,20,25],False)
([3,8,27,28,29],False)
([4,6,17,18,20,22,28],False)
([0,2,11,14,17,27,28],False)
([0,4,14,18,19,20,24],False)
([2,3,4,9,18,19,20],False)
([0,1,3,5,22,26,29],False)
([13,15,17,20,21],False)
([0,2,4,9,16,21,28],False)
([8,23],False)
([0,1,5,8,20,23,28],False)
([1,2,5,7,11,19],False)
([3,4,6,9,10,24,26],False)
([9,12,21,22,24,27,28],False)
([1,8,23,25,27,28,29],False)
([3,11,13,23,28,29],False)
([1,4,8,9,13,18,21],False)
([3,6,13,18,20,22,25],False)
([2,4,9,12,17,20,23],False)
([4,6,8,10,20,23,24],False)
([3,10,11,13,17,20,24],False)
([4,7,15,16,28],False)
([0,3,8,10,15,21,27],False)
([4,5,6,10,15,18,27],False)
([4,8,15,26,28,29],False)
([3,8,10,14,18,21],False)
([1,6,12,21,29],False)
([1,2,4,18,21,25,28],False)
([7,12,14,18,21,25],False)
([0,4,11,19,26,29],False)
([12,13,14,15,18,20,27],False)
([2,9,10,15,21,22,23],False)
([1,4,6,11,12,19,29],False)
([1,4,5,6,13,21,25],False)
([0,6,11,18,19,22,29],False)
([1,4,12,13,15,16,17],False)
([2,5,7,12,16,27,29],False)
([5,11,12,13,26,27],False)
([10,11,13,16,18,19,24],False)
([12,13,15,24,26,27,28],False)
([5,8,10,19,20,22,28],False)
([0,7,9,10,20,21,27],False)
([0,1,4,11,16,21,25],False)
([1,4,11,15,17,22,29],False)
([5,6,14,16,23,24,26],False)
([10,13,16,18,19,23,27],False)
([3,13,17,20,22,23,25],False)
([0,8,10,14,15,16,20],False)
([8,10,12,13,25,26,29],False)
([2,8,9,22,24,26,29],False)
([3,4,9,10,14,18,21],False)
([7,9,14,16,21,24,25],False)
([4,11,12,16,25,27],False)
([4,5,8,9,12,14,18],False)
([1,6,13,16,17,27,29],False)
([3,7,13,16,18,24,26],False)
([3,8,12,15,20,22,25],False)
([1,3,9,11,14,20,28],False)
([1,14,23,24,26,27,28],False)
([4,6,12,14,16,25],False)
([2,5,9,13,15,22,26],False)
([3,5,8,15,21,22,25],False)
([2,11,15,18,19,23,26],False)
([2,6,10,18,23,25],False)
([8,13,24,25,26,29],False)
([1,6,9,16,17,20,23],False)
([3,8,9,22,23,24,28],False)
([4,5,11,18,21,29],False)
([0,4,12,13,14,18,25],False)
([2,5,11,17,21,22,28],False)
([3,5,6,7,11,14,20],False)
([2,20,22,24,27],False)
([2,4,11,14,19,24],False)
([2,13,15,19,20,22],False)
([4,7,10,12,18,20],False)
([4,9,15,18,24,28,29],False)
([3,15,16,20,23,26],False)
([8,9,21,22,24,27,28],False)
([2,3,5,6,7,11,21],False)
([2,3,7,8,10,11,17],False)
([3,4,10,11,16,20,21],False)
([4,7,9,11,12,23,24],False)
([3,13,16,21,26],False)
([3,6,11,13,24,25,26],False)
([1,6,11,13,15,19,28],False)
([1,15,16,20,22],False)
([1,2,4,8,14,16,27],False)
([1,4,14,21,25,26,28],False)
([0,4,7,9,18,27,29],False)
([3,6,17,22,23,25],False)
([2,13,16,23,24],False)
([1,4,6,11,17,22,24],False)
([5,9,12,15,21,26,29],False)
([1,8,11,14,20,25,28],False)
([1,3,16,23,24,28,29],False)
([4,7,13,15,25,26],False)
([7,13,16,18,22,23],False)
([3,8,10,24],False)
([1,3,5,6,8,9,24],False)
([10,12,14,18,24,28],False)
([5,6,7,14,17,27],False)
([1,7,10,16,20,25,28],False)
([1,5,6,7,12,19,22],False)
([3,6,7,10,15,20,22],False)
([1,2,12,13,14,18,28],False)
([3,6,12,13,16,25,26],False)
([2,3,4,7,11,13,28],False)
([4,8,13,15,21,23,24],False)
([0,3,7,9,14,17,25],False)
([2,4,5,11,12,14,23],False)
([0,7,9,15,20,22],False)
([1,2,13,17,19,20,28],False)
([3,6,11,12,21,23,24],False)
([0,4,6,12,18,19,22],False)
([0,2,4,14,16,25,26],False)
([3,6,14,16,19,22,29],False)
([7,8,10,13,21,28],False)
([0,15,18,19,23,24,25],False)
([5,9,10,20,25,26,27],False)
([0,8,12,15,16,24,27],False)
([11,13,17,18,20,21,25],False)
([3,13,18,19,23,24,27],False)
([4,5,9,16,19,20,28],False)
([3,4,10,17,25,26,29],False)
([8,10,15,18,25,26],False)
([3,8,9,19,25,26,28],False)
([0,3,18,25,26,27,29],False)
([0,7,15,18,23,26],False)
([7,10,14,16,17,21,25],False)
([0,3,6,14,15,24,29],False)
([0,9,10,11,12,13,18],False)
([4,9,10,13,14,28,29],False)
([3,8,10,15,20,21,24],False)
([9,10,12,16,17,26,27],False)
([3,5,14,19,25,27,29],False)
([4,14,18,19,27],False)
([5,10,15,16,19,23,24],False)
([0,7,8,10,11,19,22],False)
([5,7,9,13,14,24,29],False)
([3,8,10,13,14,28,29],False)
([0,5,10,14,18,19,28],False)
([9,12,15,18,20,21,26],False)
([1,4,10,17,19,22,28],False)
([1,5,6,10,18,22,24],False)
([2,5,7,8,14,19,23],False)
([2,7,8,9,10,13,26],False)
([0,5,7,22,25,26,27],False)
([2,7,10,11,19,20,23],False)
([1,2,5,10,15,23,24],False)
([0,1,10,19,22],False)
([0,4,14,17,21,23,25],False)
([0,3,10,16,22,24,28],False)
([0,2,6,8,10,15,24],False)
([8,12,16,18,21,22,25],False)
([8,21,23,25,29],False)
([6,7,8,11,14,26],False)
([0,3,5,11,19,21,25],False)
([4,5,14,15,20,25,26],False)
([8,9,13,21,27,29],False)
([0,11,12,18,19,21,29],False)
([14,15,20,21,22,25],False)
([1,7,18,21,24,26,29],False)
([6,8,11,12,20,22,28],False)
([1,7,9,13,15,16,28],False)
([2,3,7,17,22,24],False)
([4,11,17,21,24,26],False)
([8,13,14,15,18,23,29],False)
([7,8,13,15,21,27,28],False)
([10,15,18,19,24,25,26],False)
([4,10,13,18,21,24,25],False)
([4,11,16,22,27,28,29],False)
([2,7,8,13,14,20,22],False)
([6,13,22,24,26],False)
([2,5,7,9,10,16,17],False)
([5,7,9,15,17,21,23],False)
([3,4,7,12,20,29],False)
([2,12,16,19,23,27,29],False)
([0,11,14,15,20,21,23],False)
([6,7,10,11,12,13,22],False)
([0,11,19,26],False)
([1,7,9,12,15,20,21],False)
([0,6,9,16,24,25,29],False)
([0,8,12,13,19,26,29],False)
([1,10,14,17,23,24,26],False)
([0,2,6,7,17,20,24],False)
([1,9,17,20,24,29],False)
([0,6,14,16,19,23,27],False)
([0,2,4,15,18,23,27],False)
([0,1,11,13,18,20,24],False)
([0,14,17,18,19,21,26],False)
([1,14,15,23,27],False)
([1,3,11,18,19,27,29],False)
([0,3,7,12,18],False)
([1,4,18,20,21],False)
([6,8,9,12,21,22,28],False)
([2,10,16,20,23,24,29],False)
([8,13,17,19,27,28,29],False)
([2,4,14,16,18,21],False)
([5,7,9,10,15,21,27],False)
([0,17,19,21,22,23,27],False)
([6,8,10,16,18,20,29],False)
([1,3,9,13,19,21,29],False)
([0,5,7,8,11,20,26],False)
([0,7,9,11,12,27,28],False)
([3,6,7,13,17,23,27],False)
([4,12,22,23,24,25,27],False)
([2,5,8,11,13,14,29],False)
([8,18,19,20,21,27,28],False)
([6,9,10,12,16,22,29],False)
([0,11,13,26,28],False)
([0,8,18,20,22,23,26],False)
([1,12,18,19,20,21,25],False)
([8,9,14,20,21,24,26],False)
([0,9,14,18,21,25,27],False)
([3,4,12,13,21,23,28],False)
([2,9,17,19,21,26,27],False)
([7,14,15,19,22,25],False)
([0,6,11,12,13,17,22],False)
([5,12,22,23,25,29],False)
([0,5,22,24,27,29],False)
([2,3,9,10,11,17,20],False)
([8,10,12,19,26,28],False)
([1,7,11,14,15,22,27],False)
([1,2,7,14,15,22],False)
([3,13,19,20,21,23,25],False)
([3,4,6,12,20,25],False)
([3,7,8,10,11,19],False)
([3,8,11,18,20,22,28],False)
([2,3,11,13,19,20,25],False)
([8,10,14,15,16,20,23],False)
([0,12,13,14,15,22],False)
([4,5,10,20,22,23],False)
([1,8,9,15,18,26,27],False)
([8,9,11,13,19,21,27],False)
([0,2,9,12,14,18,20],False)
([3,11,13,14,20,23,27],False)
([3,5,6,7,10,17,27],False)
([1,9,15,16,19,27],False)
([3,7,13,16,23,24],False)
([0,14,21,22,24,26],False)
([0,12,17,18,20,21],False)
([1,7,13,15,16,27,29],False)
([9,18,19,20,23,27],False)
([9,10,11,17,22,27,29],False)
([3,7,9,13,25,26,28],False)
([11,12,13,16,18,26,27],False)
([0,8,12,16,20,23,25],False)
([3,6,19,20,23,26,29],False)
([5,11,12,13,16,17,21],False)
([1,8,13,19,21,23,25],False)
([3,10,16,21,26,29],False)
([2,3,8,19,22,29],False)
([2,7,17,19,25,27,28],False)
([8,9,15,21,27,28,29],False)
([2,7,8,9,13,22,27],False)
([4,15,16,19,27],False)
([1,3,18,22,24,25],False)
([2,10,12,19,20,22],False)
([3,4,13,15,17,21,28],False)
([0,5,9,17,18,22,25],False)
([0,8,12,14,16,21],False)
([3,4,8,9,20,24,29],False)
([0,4,10,14,20,25],False)
([9,10,12,13,20,26,27],False)
([11,14,23,24,27,28],False)
([4,5,10,17,20,26],False)
([7,10,11,12,18,21,23],False)
([9,12,15,18,22,23,27],False)
([6,13,16,19,22,26,28],False)
([1,3,7,8,15,19],False)
([5,6,11,13,16,26],False)
([8,13,22,23,24,27,29],False)
([3,6,7,17,25,29],False)
([0,9,12,17,21,27,28],False)
([3,8,18,24,25,27,28],False)
([1,3,4,16,17,21,22],False)
([6,10,20,22,24,27],False)
([3,10,13,17,19,29],False)
([2,4,6,24,25,27,29],False)
([0,13,14,15,19,21,25],False)
([0,8,13,17,21,22,23],False)
([0,2,7,11,18,22,23],False)
([0,3,6,9,13,15,28],False)
([7,15,16,18,21,23],False)
([0,2,7,9,12,17,23],False)
([5,18,20,21,24,25,26],False)
([0,11,14,15,17,21,27],False)
([7,11,15,17,26,27,28],False)
([7,17,22,23,25,27],False)
([2,3,8,10,22,23],False)
([9,10,11,12,21,24,29],False)
([0,1,10,13,15,24],False)
([2,7,19,21,22,23,24],False)
([0,3,6,12,13,16,18],False)
([2,4,10,12,24,26,29],False)
([5,13,16,20,26,28],False)
([3,4,8,13,14,15,24],False)
([3,12,15,19,24,29],False)
([0,5,7,10,15,24,27],False)
([1,4,8,11,21,23,27],False)
([0,3,14,19,26,27,28],False)
([0,1,2,3,5,14,23],False)
([3,13,16,18,20,25,28],False)
([1,3,17,19,21,26,28],False)
([2,6,8,13,21,22,25],False)
([1,7,10,16,17,20,28],False)
([6,11,14,16,26,29],False)
([8,9,10,15,20,25,29],False)
([1,2,13,16,18,29],False)
([3,5,13,23,25,26],False)
([0,1,6,14,15,20,27],False)
([16,18,21,23,26,27,29],True)
([1,2,6,16,22,23,26],False)
([3,6,9,13,19,24],False)
([0,1,12,17,19,25],False)
([5,6,8,15,20,28,29],False)
([0,8,9,11,13,15,21],False)
([4,7,8,11,22,23,24],False)
([12,13,14,15,18,29],False)
([0,6,20,24],False)
([4,7,14,19,23,26],False)
([0,5,11,22,24,25,26],False)
([0,10,11,14,15,16,21],False)
([0,2,5,10,15,26,27],False)
([9,12,15,17,19,22,25],False)
([4,10,16,23,24,26,27],False)
([1,5,14,15,20,24,26],False)
([0,3,6,11,15,18,23],False)
([3,9,13,15,16,17,25],False)
([2,4,8,10,13,26,29],False)
([4,5,9,15,16,20,25],False)
([1,3,4,5,16,21,27],False)
([3,4,6,15,16,20,24],False)
([2,6,8,17,18,21,29],False)
([0,7,11,12,18,24],False)
([4,6,10,15,22,26,27],False)
([9,16,20,21,22,23,26],False)
([3,6,11,13,14,18,25],False)
([3,13,14,21,22,28],False)
([0,2,3,8,22,24,28],False)
([0,1,6,9,10,11,23],False)
([15,17,21,26,27],False)
([3,5,7,17,20,21,29],False)
([0,4,5,6,26,28],False)
([0,2,10,13,14,15,23],False)
([5,6,13,15,18,22,24],False)
([0,7,12,16,21,24,26],False)
([0,1,4,8,11,12,28],False)
([1,2,5,17,18,26,29],False)
([2,8,17,20,23,27,28],False)
([0,1,3,5,6,7,22],False)
([5,6,13,25,26,27],False)
([15,16,18,23,27,28,29],False)
([10,11,12,20,21,26,28],False)
([1,8,13,14,20,22,27],False)
([7,9,10,11,23,24,29],False)
([1,2,7,11,16,21,28],False)
([3,8,9,18,24,28,29],False)
([1,9,11,15,19,26,29],False)
([0,3,4,6,13,17,21],False)
([2,6,9,12,20,22,28],False)
([0,3,10,17,25],False)
([2,5,10,14,15,16,17],False)
([0,1,6,13,16,17,28],False)
([11,13,19,24,25,28],False)
([3,13,17,20,22,25,27],False)
([1,5,6,9,14,16,25],False)
([3,7,10,20,21,27,28],False)
([0,5,6,9,20,21],False)
([3,16,19,21,22,29],False)
([4,14,21,22,23,27,29],False)
([2,3,13,18,21,23,26],False)
([8,12,13,14,16,28,29],False)
([14,15,29],False)
([3,7,9,10,19,21],False)
([3,4,10,11,14,15,21],False)
([1,2,12,15,18,28,29],False)
([1,4,5,6,7,26,29],False)
([5,8,9,13,22,26,27],False)
([0,4,5,11,15,21,29],False)
([7,10,16,22,25,28,29],False)
([0,1,6,12,15,19,25],False)
([7,8,19,21,24,25,27],False)
([0,5,8,13,19,26,29],False)
([1,3,6,7,16,17,24],False)
([1,2,10,17,22,25,26],False)
([1,3,8,15,16,21,25],False)
([3,6,8,9,11,13,19],False)
([2,8,11,20,23,25,29],False)
([7,9,11,14,20,21,24],False)
([7,10,13,17,18,26,27],False)
([2,11,18,19,22,24,28],False)
([6,8,11,13,14,19,27],False)
([1,15,21,25,26,28,29],False)
([2,4,6,11,13,16,18],False)
([1,9,15,16,20,24,25],False)
([5,7,8,9,18,26],False)
([1,2,4,14,21,26],False)
([0,4,13,15,20,25],False)
([0,3,4,17,25,27],False)
([7,9,11,12,25,27,28],False)
([0,1,5,7,10,11,24],False)
([0,2,6,11,12,23,29],False)
([11,12,19,23,25,29],False)
([9,12,19,23,24,25,28],False)
([2,8,9,13,21,22,29],False)
([2,3,14,17,19,24,29],False)
([7,13,20,24,26,27,29],False)
([2,7,8,12,18,24,25],False)
([8,9,10,11,20,23],False)
([4,7,11,13,20,27,29],False)
([3,4,6,17,23,26,29],False)
([1,2,9,10,11,20,27],False)
([4,7,13,17,18,25,27],False)
([1,11,14,22,23,26,27],False)
([6,14,15,16,23,24,26],False)
([6,16,17,19,23,24,28],False)
([7,13,14,18,25,28,29],False)
([0,3,11,13,15,21,29],False)
([3,5,6,12,26,27,29],False)
([0,14,20,22,26,29],False)
([7,8,9,11,14,18,24],False)
([3,8,12,13,22,26,29],False)
([3,8,12,15,18,22,25],False)
([2,3,4,10,20,27],False)
([4,5,9,24,25],False)
([0,2,17,20,23,25,29],False)
([2,5,7,16,24,25,29],False)
([0,1,3,11,14,15,18],False)
([5,6,19,20,21,22,25],False)
([0,1,6,8,12,23,28],False)
([1,3,6,14,15,25],False)
([0,2,9,13,20,24,27],False)
([3,8,13,16,17,19,21],False)
([1,8,9,17,19,28],False)
([1,4,13,14,21,24,26],False)
([5,12,14,18,28],False)
([5,7,9,12,19,20,26],False)
([9,11,14,15,26,28],False)
([2,5,12,16,21,24,27],False)
([0,2,9,14,22,26,27],False)
([0,1,3,9,12,20,24],False)
([1,5,6,7,13,26,29],False)
([5,7,17,19,27,28],False)
([0,1,2,5,20,24,25],False)
([0,4,5,13,18,20,23],False)
([6,7,8,9,16,17,21],False)
([0,11,14,23,25],False)
([0,16,21,23,26],False)
([4,7,10,11,14,24,27],False)
([1,6,19,25,27],False)
([7,9,11,15,18,21,25],False)
([2,6,9,11,19,22,29],False)
([4,7,12,13,19,25,28],False)
([1,6,7,13,15,20,26],False)
([3,7,12,16,18,19,21],False)
([3,5,14,17,18,28,29],False)
([2,3,5,10,11,14,26],False)
([3,9,11,15,19,20,26],False)
([0,4,5,7,8,9,13],False)
([4,8,9,21,23,27,28],False)
([2,11,18,26,27,29],False)
([6,8,11,14,18,26,28],False)
([0,4,8,13,21,22],False)
([4,6,14,19,23,26,29],False)
([1,7,14,15,29],False)
([6,7,11,18,22,27,28],False)
([1,2,3,10,19,20,26],False)
([0,5,7,11,16,17,21],False)
([5,12,15,17,21,29],False)
([6,10,19,22,27,28],False)
([1,13,18,19,20,25,29],False)
([0,3,5,10,17,20,26],False)
([0,5,9,12,22,26,29],False)
([1,6,11,12,13,28],False)
([3,4,9,11,12,13,26],False)
([4,8,13,18,19,23,28],False)
([2,4,13,14,15,23,24],False)
([0,9,15,18,21,25],False)
([2,4,13,14,20,21,23],False)
([3,6,9,17,27,28],False)
([0,10,16,19,28],False)
([3,8,12,16,17,18,25],False)
([0,5,6,7,12,16,27],False)
([4,8,9,10,18,19,27],False)
([5,8,13,14,22,23,28],False)
([5,7,9,15,18,21,28],False)
([0,10,14,18,22,24,26],False)
([8,16,19,20,22],False)
([4,7,10,14,15,16,25],False)
([0,1,11,14,18,20,28],False)
([3,12,13,16,22,25,26],False)
([4,13,20,22,25,27,29],False)
([4,5,6,7,11,17,29],False)
([7,9,12,20,21,26,29],False)
([7,9,17,19,23,26],False)
([0,6,9,11,15,24,29],False)
([5,11,19,20,23,25,29],False)
([0,1,5,9,12,13,15],False)
([6,15,22,23,25,26,28],False)
([4,6,7,14,16,21,28],False)
([1,4,7,10,12,16,24],False)
([8,9,12,19,21,22,26],False)
([1,2,9,19,21,23,27],False)
([2,4,7,10,16,18,22],False)
([6,8,14,15,16,21,23],False)
([4,6,10,14,21,23,29],False)
([5,8,16,18,23,24,25],False)
([1,3,7,12,13,21,28],False)
([2,3,12,24,27],False)
([0,1,5,18,21,26,29],False)
([1,3,4,6,10,12],False)
([14,19,23,24,25,26,27],False)
([2,11,15,17,18,19,27],False)
([0,3,5,9,10,13,17],False)
([0,2,5,7,18,24,28],False)
([0,5,9,10,12,15,16],False)
([2,3,4,9,16,19,26],False)
([6,16,18,20,26,28],False)
([4,5,7,12,18,26],False)
([4,7,11,15,16,19,25],False)
([8,9,16,17,20,25,28],False)
([1,4,7,8,10,16,17],False)
([4,6,7,9,11,16,23],False)
([6,7,10,14,15,20,28],False)
([0,3,9,10,14,23],False)
([0,2,7,14,15,17,25],False)
([6,13,14,22,29],False)
([12,14,15,18,19,22,24],False)
([1,8,14,15,19,20,25],False)
([0,4,5,14,17,26,27],False)
([3,6,11,12,25,29],False)
([1,9,13,21,22,24,29],False)
([2,4,7,9,17,27,28],False)
([2,3,4,5,10,20],False)
([3,6,13,18,24,27,28],False)
([4,5,18,23,25,26,27],False)
([5,7,8,14,26,28],False)
([4,10,11,12,18,22,27],False)
([0,5,9,11,12,19,22],False)
([10,15,19,21,23,24,27],False)
([4,5,6,8,16,18,24],False)
([0,1,7,13,16,25,26],False)
([12,13,19,22,24,29],False)
([11,17,18,20,27,28,29],False)
([2,3,14,15,16,25,28],False)
([0,1,4,11,15,29],False)
([1,7,18,20,22,26,28],False)
([5,6,7,8,15,22,29],False)
([6,9,10,13,23,28],False)
([0,10,14,16,19,23,28],False)
([8,9,10,12,17,27,28],False)
([0,6,10,14,18,19,22],False)
([2,5,10,13,20,24,25],False)
([1,7,12,14,18,19,21],False)
([0,6,8,11,20,23,24],False)
([2,3,9,14,15,17,21],False)
([6,7,10,14,20,29],False)
([0,6,11,16,23,26,28],False)
([5,14,16,17,22,26,28],False)
([6,9,16,19,22,23,24],False)
([2,6,7,9,16,18,19],False)
([0,9,11,16,18,25,27],False)
([4,5,8,14,18,25,26],False)
([3,8,12,15,19,21,27],False)
([3,9,15,16,17,24],False)
([2,9,10,13,16,18,20],False)
([5,15,18,21,22,27,28],False)
([1,2,4,11,14,23],False)
([9,13,18,22,29],False)
([0,1,5,6,7,15,20],False)
([2,8,16,20,21,27,29],False)
([8,10,16,20,25,28,29],False)
([1,2,11,12,17,20,26],False)
([7,12,13,16,18,26],False)
([5,6,12,19,21,23,26],False)
([0,9,13,14,23,24,25],False)
([5,11,12,15,20,23,25],False)
([0,2,4,8,15,26,27],False)
([2,6,8,9,15,23,25],False)
([2,5,7,13,15,16,28],False)
([0,10,15,16,21,25,29],False)
([2,12,16,18,24,27,28],False)
([0,4,6,13,14,16,29],False)
([7,9,10,14,20,23,25],False)
([0,1,2,4,10,22,26],False)
([7,8,9,19,27,28],False)
([4,7,9,10,20,21,28],False)
([0,9,10,14,21,28],False)
([2,3,8,17,23,28,29],False)
([3,11,12,14,15,18,21],False)
([4,22,23,25],False)
([0,3,7,8,17,20,24],False)
([7,9,18,20,23,25,29],False)
([0,5,6,8,11,20,27],False)
([1,3,9,16,23,26],False)
([2,12,13,16,22,25,28],False)
([1,2,3,17,22,25,26],False)
([1,8,9,10,12,23,26],False)
([4,10,12,13,18,23,24],False)
([1,4,5,16,20,24,28],False)
([0,12,14,15,16,17,28],False)
([0,1,3,20,22,23,27],False)
([1,7,11,13,18,19,28],False)
([1,5,6,9,18,23,25],False)
([1,6,9,10,21,26,27],False)
([0,4,6,11,12,17,28],False)
([1,4,5,7,11,21,22],False)
([3,11,13,20,22,23,29],False)
([4,5,6,11,20,29],False)
([7,12,16,19,24,28],False)
([0,1,6,18,22,23,27],False)
([2,5,12,14,15,27],False)
([0,6,12,16,20,21,23],False)
([3,4,7,15,17,25,29],False)
([2,6,13,21,23,28],False)
([0,4,6,8,10,14,20],False)
([3,8,11,12,14,15,18],False)
([4,5,11,14,25,29],False)
([3,7,10,12,16,20,21],False)
([10,11,15,20,24,25,26],False)
([7,15,17,19,22,29],False)
([0,3,5,7,15,25,26],False)
([1,6,9,13,22,24,28],False)
([0,15,18,23,24,27,28],False)
([14,17,19,28,29],False)
([0,4,7,11,12,17],False)
([0,2,3,11,14,17,25],False)
([2,3,8,12,14,16],False)
([3,6,7,22,27],False)
([1,5,13,19,20,22,28],False)
([2,4,5,7,11,14,18],False)
([10,11,14,19,29],False)
([1,4,12,14,21,26],False)
([0,3,12,17,20,23],False)
([3,10,15,17,18,22],False)
([2,7,10,15,22,25,29],False)
([3,6,7,9,10,14,19],False)
([0,2,19,26,27],False)
([10,13,18],False)
([1,5,15,18,19,21,23],False)
([1,4,15,16,20,22,28],False)
([0,4,6,7,8,14,24],False)
([8,11,12,15,22,24,29],False)
([0,2,8,9,12,18,25],False)
([2,3,10,13,20,24,26],False)
([8,11,12,20,21,27,28],False)
([3,8,9,10,11,20,26],False)
([4,6,10,11,22,24,26],False)
([4,8,9,12,17,28,29],False)
([3,6,7,14,15,20,28],False)
([6,7,8,11,18,24,26],False)
([7,8,13,20,24,25,28],False)
([2,5,12,16,17,20,23],False)
([3,6,9,18,22,28,29],False)
([1,2,9,10,11,25,26],False)
([0,8,11,20,22,25],False)
([0,4,15,18,21,22,23],False)
([1,6,14,15,24,25,28],False)
([5,8,11,12,15,18,22],False)
([2,9,15,18,24,25,28],False)
([0,1,4,5,12,20,28],False)
([0,1,4,8,9,11,20],False)
([0,1,7,20,21,23,28],False)
([1,7,8,14,23,25,27],False)
([1,4,11,13,15,21,28],False)
([3,6,7,9,14,15,23],False)
([3,8,14,21,22,23,29],False)
([1,3,4,15,21,23],False)
([1,3,9,10,12,13,14],False)
([6,8,11,12,14,19,28],False)
([6,10,12,22,23,24,25],False)
([3,6,14,16,17,26,28],False)
([4,7,9,13,17,24,26],False)
([0,8,12,15,17,19,23],False)
([0,7,10,23,25,26,29],False)
([0,4,7,8,9,14,26],False)
([5,6,8,12,14,18],False)
([3,5,6,7,9,21,29],False)
([2,3,20,27,28,29],False)
([2,11,13,26],False)
([9,10,20,21,24,25,29],False)
([8,9,10,18,24,25,29],False)
([5,8,9,15,19,23,29],False)
([6,10,12,20,21,24],False)
([0,8,15,21,22,26,27],False)
([9,13,20,22,27,28,29],False)
([9,10,18,20,21,26,29],False)
([3,8,16,22,24,29],False)
([3,4,7,9,14,15,22],False)
([1,7,10,15,18,21,25],False)
([3,4,7,8,12,15,17],False)
([4,5,9,19,23,27,28],False)
([2,3,5,6,10,11,15],False)
([4,5,6,14,21,23,24],False)
([1,3,6,10,16,25,26],False)
([2,8,14,19,21,23,26],False)
([3,4,5,16,20,27,29],False)
([2,3,6,17,24,26],False)
([5,7,9,12,15,18,28],False)
([5,6,7,9,10,12,20],False)
([8,10,12,15,22,27,28],False)
([1,2,7,15,17,19,28],False)
([6,7,10,16,19,20,24],False)
([3,7,12,19,21,23,28],False)
