([34,14],False)
([46,36,2],False)
([21,8,14],False)
([32,11,9],False)
([29,38,11],False)
([8,34,7],False)
([0,17,32],False)
([10,13,21],False)
([41,21,4],False)
([16,48,7,34],False)
([44,48,17,32],False)
([27,8,12,2],False)
([36,42,15,14],False)
([5,44,40,4],False)
([27,39,16,47],False)
([45,32,29,30],False)
([37,31,38,12],False)
([5,10,49,41],False)
([19,16,8,0],False)
([40,27,35,18],False)
([39,24,32,18],False)
([43,21,18,46],False)
([4,0,24,44],False)
([0,26,38,30],False)
([28,20,3,5],False)
([7,9,18,24],False)
([6,40,32,12],False)
([12,48,47,22],False)
([16,4,32,11],False)
([2,4,20,1],False)
([25,23,29,46],False)
([20,22,30,18],False)
([41,6,19,22],False)
([27,38,25,49],False)
([39,7,38,2],False)
([18,49,28,34],False)
([37,40,41,39],True)
([24,23,36,22],False)
([11,36,23,7],False)
([44,31,41,15],False)
([46,43,9,47],False)
([16,6,33,45],False)
([38,4,44,36],False)
([41,31,30,12],False)
([24,29,4,27],False)
([1,24,13,41],False)
([35,45,15,38],False)
([18,14,48,16],False)
([0,48,23,31],False)
([34,19,44,35],False)
([25,5,38,35],False)
([19,42,21,37],False)
([26,35,11,28],False)
([25,19,48,27],False)
([26,44,31,11],False)
([30,49,8,5],False)
([37,33,49,42],False)
([6,15,25,2],False)
([34,23,4,45],False)
([49,9,19,33],False)
([29,15,10,30],False)
([42,7,26,4],False)
([37,22,30,16],False)
([44,36,13,32],False)
([48,46,24,6],False)
([31,29,49,28],False)
([6,13,19,32],False)
([17,46,35,4],False)
([28,31,36,18],False)
([10,2,29,47],False)
([24,9,31,29],False)
([8,27,23,14],False)
([32,44,16,43],False)
([42,44,22,35],False)
([46,42,11,18],False)
([5,11,30,20],False)
([41,3,21,34],False)
([38,14,17,31],False)
([42,44,29,18],False)
([9,25,47,34],False)
([11,8,46,35],False)
([41,23,16,25],False)
([27,41,8,9],False)
([48,27,6,13],False)
([40,15,19,12],False)
([13,25,15,32],False)
([41,27,43,23],False)
([22,13,6,36],False)
([30,11,35,47],False)
([1,25,0,13],False)
([2,11,47,31],False)
([47,28,46,34],False)
([49,27,20,5],False)
([16,29,15,47],False)
([33,7,4,8],False)
([1,28,48,43],False)
([31,35,45,7],False)
([19,49,43,17],False)
([25,20,5,49],False)
([46,9,29,34],False)
([40,8,19,14],False)
([30,36,34,13],False)
([45,49,11,31],False)
([26,9,29,48],False)
([18,20,46,31],False)
([11,40,29,1],False)
([38,13,41,49,47],False)
([15,1,18,41,9],False)
([27,48,45,40,37],False)
([2,33,42,5,35],False)
([21,0,44,31,38],False)
([8,7,19,13,6],False)
([0,21,17,18,25],False)
([33,37,0,29,23],False)
([5,19,23,18,9],False)
([47,25,7,35,26],False)
([10,3,34,36,8],False)
([44,1,45,10,15],False)
([9,40,27,18,15],False)
([16,26,5,48,24],False)
([18,32,38,30,3],False)
([17,11,3,49,8],False)
([33,7,0,22,20],False)
([24,21,7,3,31],False)
([32,28,8,12,19],False)
([47,12,22,10,49],False)
([8,11,26,44,47],False)
([41,48,32,21,49],False)
([3,33,13,38,19],False)
([34,32,30,13,38],False)
([3,10,35,31,12],False)
([36,26,48,43,17],False)
([33,19,18,47,44],False)
([19,28,5,30,17],False)
([3,39,37,40,46],False)
([3,32,2,1,19],False)
([36,1,41,38,22],False)
([30,26,46,33,0],False)
([30,26,21,49,40],False)
([5,36,8,30,48],False)
([14,36,34,41,31],False)
([42,21,45,16,17],False)
([9,6,20,49,1],False)
([19,21,8,11,9],False)
([36,13,19,17,34],False)
([39,8,3,36,31],False)
([48,42,16,41,25],False)
([47,34,49,32,22],False)
([28,8,7,41,0],False)
([38,45,4,37,47],False)
([45,28,18,40,19],False)
([6,17,36,21,12],False)
([19,0,32,15,21],False)
([49,6,28,0,33],False)
([3,20,13,15,7],False)
([6,10,27,37,22],False)
([34,49,31,21,29],False)
([39,26,33,13,34],False)
([6,47,33,30,20],False)
([9,16,43,25,19],False)
([20,26,45,11,4],False)
([37,46,0,15,8],False)
([4,1,10,12,32],False)
([33,13,8,20,32],False)
([18,25,29,9,2],False)
([22,40,48,44,6],False)
([47,24,23,12,48],False)
([29,15,16,30,25],False)
([9,46,48,20,3],False)
([3,41,21,28,20],False)
([43,46,23,19,5],False)
([43,39,11,1,23],False)
([16,19,5,23,10],False)
([43,20,23,34,2],False)
([11,24,9,25,36],False)
([15,45,33,46,37],False)
([11,46,43,14,41],False)
([34,21,49,20,17],False)
([30,39,12,22,9],False)
([44,26,1,48,2],False)
([40,47,0,3,16],False)
([8,43,9,29,25],False)
([18,43,39,28,25],False)
([49,22,18,38,42],False)
([32,29,18,46,12],False)
([24,27,30,46,7],False)
([15,39,25,12,30],False)
([21,35,40,42,39],False)
([28,7,32,13,22],False)
([39,4,28,20,46],False)
([39,8,48,38,32],False)
([6,17,47,33,35],False)
([41,25,12,49,15],False)
([11,40,23,8,30],False)
([24,3,29,16,45],False)
([22,36,8,35,27],False)
([33,8,31,49,27],False)
([47,40,21,10,32],False)
([44,6,32,46,35],False)
([32,46,18,28,13],False)
([4,32,31,24,43],False)
([17,34,27,22,13],False)
([16,38,29,22,47],False)
([23,31,22,25,45],False)
([21,29,12,40,19],False)
([8,15,49,43,2],False)
([13,34,11,12,33],False)
([39,30,5,26,21],False)
([21,20,28,15,4],False)
([32,27,37,11,40],False)
([34,48,25,20,18],False)
([45,12,10,46,30],False)
([7,16,48,13,18],False)
([27,21,10,40,35],False)
([32,46,45,47,38],False)
([7,28,3,22,29],False)
([9,3,32,15,7],False)
([7,19,17,32,33],False)
([9,20,24,25,48],False)
([34,36,22,19,43],False)
([38,40,49,44,11],False)
([43,0,20,13,22],False)
([5,27,21,4,2],False)
([3,32,7,1,17],False)
([49,39,22,3,46],False)
([27,25,0,17,8],False)
([24,12,8,38,23],False)
([31,39,35,29,25],False)
([31,5,20,23,41],False)
([0,19,28,49,9],False)
([25,11,44,21,28],False)
([2,37,34,17,6],False)
([1,2,21,30,14],False)
([0,38,7,11,48],False)
([12,6,13,8,3],False)
([14,29,19,40,15],False)
([13,48,28,6,36],False)
([29,37,19,8,28],False)
([3,45,19,9,47],False)
([45,25,17,44,28],False)
([33,27,46,17,10],False)
([27,45,38,29,48],False)
([7,21,24,15,1],False)
([2,18,30,45,13],False)
([6,18,47,23,15],False)
([15,38,4,0,23],False)
([28,48,14,9,45],False)
([16,48,20,22,42],False)
([30,48,38,29,25],False)
([11,15,43,29,45],False)
([47,19,0,30,29],False)
([31,42,23,35,14],False)
([37,26,15,10,31],False)
([18,47,46,3,49],False)
([6,39,44,4,32],False)
([46,19,5,38,42],False)
([36,34,38,6,0],False)
([18,46,29,35,5],False)
([17,10,49,18,36],False)
([30,10,5,44,45],False)
([44,6,46,0,15],False)
([35,23,34,27,4],False)
([41,24,29,39,6],False)
([16,47,12,36,9],False)
([6,21,17,32,23],False)
([1,13,41,46,47],False)
([26,38,13,22,45],False)
([36,1,27,44,31],False)
([28,12,24,16,33],False)
([19,18,28,6,27],False)
([40,14,20,29,37],False)
([9,26,40,32,18],False)
([8,23,20,49,18],False)
([27,46,5,39,47],False)
([46,17,1,28,38],False)
([41,21,22,20,47],False)
([43,14,34,42,40],False)
([37,33,10,25,47],False)
([35,32,39,45,11],False)
([45,15,20,26,43],False)
([23,27,2,29,46],False)
([9,6,24,17,18],False)
([5,1,33,42,47],False)
([25,14,49,16,5],False)
([47,38,13,9,18],False)
([5,46,9,37,26],False)
([17,48,13,14,45],False)
([21,35,27,6,20],False)
([7,10,4,15,13],False)
([33,7,19,38,13],False)
([29,18,11,7,9],False)
([22,28,7,2,25],False)
([16,33,11,37,2],False)
([46,19,3,29,22],False)
([2,39,38,0,14],False)
([22,21,1,42,8],False)
([22,12,35,11,29],False)
([16,0,13,27,33],False)
([20,29,24,37,0],False)
([16,2,13,30,45],False)
([19,18,6,22,20],False)
([12,5,38,43,14],False)
([17,34,23,32,21],False)
([48,20,49,18,19],False)
([26,2,28,44,27],False)
([42,30,41,18,33],False)
([45,30,25,39,4],False)
([22,29,13,33,44],False)
([45,20,23,32,13],False)
([25,18,28,7,27],False)
([34,44,12,26,24],False)
([5,35,10,0,27],False)
([22,49,44,23,15],False)
([37,3,15,11,38],False)
([19,5,15,3,35],False)
([44,34,17,46,1],False)
([14,5,23,30,36],False)
([43,12,16,1,34],False)
([32,29,16,31,2],False)
([12,18,26,45,3],False)
([36,47,13,0,30],False)
([47,48,12,27,33],False)
([2,15,40,37,5],False)
([5,2,11,20,24],False)
([40,39,48,37,32],False)
([33,10,1,30,26],False)
([34,40,20,24,1],False)
([32,23,5,14,44],False)
([22,4,0,41,14],False)
([3,35,31,19,26],False)
([24,25,31,37,42],False)
([49,33,42,23,21],False)
([5,0,28,45,25],False)
([47,10,24,38,45],False)
([39,5,22,8,13],False)
([18,35,36,3,19],False)
([44,28,47,14,48],False)
([37,17,45,9,7],False)
([39,6,15,27,32],False)
([20,30,8,15,34],False)
([2,29,11,24,34],False)
([25,0,24,29,16],False)
([37,34,14,47,38],False)
([33,9,0,3,17],False)
([23,17,22,28,43],False)
([39,35,46,28,43],False)
([32,13,48,45,24],False)
([8,42,19,46,3],False)
([19,33,22,41,1],False)
([34,12,33,6,3],False)
([49,32,31,3,4],False)
([33,49,47,32,45],False)
([49,44,40,5,12],False)
([18,14,21,39,0],False)
([3,27,12,0,35],False)
([18,28,35,31,34],False)
([21,6,27,7,34],False)
([39,29,31,35,1],False)
([13,41,40,48,49],False)
