([35,49],False)
([24,13,2],False)
([38,45,6],False)
([25,21,33],False)
([11,47,16],False)
([12,25,9],False)
([25,49,35],False)
([47,7,6],False)
([14,8,26],False)
([26,7,41,37],False)
([29,40,49,45],False)
([45,17,40,27],False)
([19,30,49,20],False)
([21,10,16,30],False)
([44,30,31,43],False)
([44,11,33,27],False)
([31,41,40,36],False)
([39,38,28,30],False)
([25,19,33,9],False)
([36,21,15,0],False)
([22,9,42,15],False)
([15,49,2,40],False)
([43,12,2,8],False)
([19,33,24,4],False)
([22,7,1,32],False)
([25,11,18,48],False)
([9,18,28,27],False)
([17,34,1,48],False)
([16,36,3,48],False)
([39,49,19,5],False)
([4,20,40,45],False)
([47,3,38,36],False)
([19,35,0,8],False)
([9,37,24,12],False)
([6,10,5,35],False)
([39,37,42,3],False)
([9,21,39,25],False)
([5,40,11,2],False)
([30,47,48,9],False)
([14,48,8,40],False)
([35,44,26,46],False)
([46,4,41,13],False)
([16,0,12,1],False)
([28,8,44,3],False)
([22,20,45,41],False)
([18,19,47,27],False)
([31,33,27,6],False)
([47,23,43,40],False)
([14,33,48,22],False)
([43,15,14,37],False)
([26,1,49,6],False)
([30,12,47,25],False)
([21,22,11,6],False)
([42,13,37,35],False)
([30,8,11,9],False)
([20,26,49,15],False)
([37,30,0,9],False)
([13,3,19,5],False)
([4,12,7,46],False)
([30,8,14,18],False)
([27,28,49,5],False)
([26,22,49,43],False)
([39,10,40,1],False)
([15,40,6,27],False)
([5,17,22,10],False)
([36,38,35,10],False)
([16,20,21,38],False)
([28,15,34,20],False)
([41,29,1,32],False)
([16,22,31,13],False)
([43,10,45,8],False)
([29,7,30,25],False)
([22,35,48,13],False)
([22,35,45,9],False)
([29,33,20,25],False)
([11,28,24,7],False)
([29,23,43,7],False)
([9,47,11,37],False)
([8,17,18,14],False)
([5,2,1,28],False)
([30,33,32,20],False)
([20,18,27,30],False)
([7,16,29,6],False)
([33,15,41,17],False)
([9,33,1,5],False)
([48,16,5,41],False)
([24,30,18,3],False)
([38,40,47,2],False)
([34,10,32,31],False)
([14,35,28,38],False)
([7,38,0,40],False)
([33,0,18,46],False)
([14,0,37,22],False)
([46,39,14,7],False)
([28,38,6,20],False)
([30,5,17,7],False)
([3,32,11,6],False)
([1,44,4,47],False)
([25,39,10,22],False)
([2,44,34,49],False)
([40,31,9,7],False)
([46,17,4,16],False)
([34,41,49,3],False)
([9,24,48,21],False)
([35,39,14,26],False)
([37,3,40,14],False)
([3,46,19,6,28],False)
([13,1,38,28,29],False)
([18,17,3,2,19],False)
([0,47,2,27,10],False)
([21,42,6,32,31],False)
([13,0,36,37,46],False)
([40,17,42,27,0],False)
([6,39,21,42,7],False)
([27,29,45,43,10],False)
([31,36,15,9,47],False)
([30,43,10,33,14],False)
([12,5,17,21,30],False)
([40,17,48,19,15],False)
([27,9,31,14,13],False)
([46,15,17,4,11],False)
([0,7,46,32,44],False)
([27,8,35,18,44],False)
([48,41,28,11,26],False)
([14,12,24,16,42],False)
([12,34,46,30,1],False)
([20,2,3,31,43],False)
([2,1,45,47,8],False)
([12,27,15,22,14],False)
([2,34,19,13,45],False)
([3,28,4,39,37],False)
([2,1,14,38,30],False)
([4,19,17,2,29],False)
([6,4,25,40,28],False)
([32,5,34,37,33],False)
([10,34,40,29,35],False)
([6,22,16,2,35],False)
([30,12,40,26,33],False)
([8,1,45,23,26],False)
([21,0,4,16,40],False)
([9,27,8,47,45],False)
([43,29,37,31,32],False)
([42,10,13,49,35],False)
([15,23,22,7,27],False)
([43,46,4,40,33],False)
([42,15,41,3,43],False)
([9,29,22,25,16],False)
([45,27,40,25,20],False)
([47,21,31,9,43],False)
([7,44,16,11,38],False)
([36,23,8,14,29],False)
([23,38,13,7,33],False)
([28,48,47,36,38],False)
([10,23,25,15,37],False)
([22,8,17,37,25],False)
([42,23,1,24,25],False)
([20,43,36,13,25],False)
([34,12,7,15,10],False)
([36,11,39,38,48],False)
([29,33,22,15,23],False)
([1,37,24,42,2],False)
([27,21,41,40,47],False)
([40,46,22,0,37],False)
([41,33,38,40,2],False)
([49,41,36,40,39],True)
([2,6,28,46,25],False)
([17,13,31,37,36],False)
([5,23,26,44,46],False)
([45,12,40,16,27],False)
([1,43,39,27,4],False)
([20,5,27,18,12],False)
([14,44,29,9,17],False)
([26,45,8,7,46],False)
([6,9,28,27,13],False)
([36,27,23,19,49],False)
([24,37,8,6,7],False)
([24,29,27,14,16],False)
([48,36,18,5,45],False)
([45,24,16,4,9],False)
([40,24,41,22,30],False)
([44,46,26,29,11],False)
([2,39,34,43,13],False)
([42,17,27,20,8],False)
([22,46,3,35,32],False)
([35,3,37,38,26],False)
([14,48,32,33,7],False)
([44,42,36,46,4],False)
([25,37,27,2,46],False)
([13,41,22,35,47],False)
([15,41,10,27,28],False)
([44,26,11,10,39],False)
([41,27,44,34,1],False)
([46,21,34,4,47],False)
([22,42,29,28,2],False)
([29,10,33,41,34],False)
([2,11,30,35,49],False)
([32,29,28,23,18],False)
([27,2,29,34,5],False)
([25,13,14,8,0],False)
([47,0,42,10,23],False)
([37,15,19,13,24],False)
([7,14,6,42,4],False)
([32,35,42,3,6],False)
([32,13,7,23,44],False)
([46,20,37,45,42],False)
([46,18,32,48,39],False)
([18,31,34,13,24],False)
([23,15,14,1,44],False)
([7,42,44,14,0],False)
([31,45,48,47,20],False)
([11,22,49,6,31],False)
([1,45,40,9,34],False)
([47,49,0,11,24],False)
([31,44,39,11,33],False)
([44,9,20,33,17],False)
([20,24,46,37,19],False)
([3,45,13,17,23],False)
([8,18,7,29,41],False)
([10,40,13,8,5],False)
([16,38,37,26,21],False)
([33,47,24,15,30],False)
([5,7,36,48,23],False)
([45,2,48,4,6],False)
([9,38,31,0,4],False)
([32,19,24,33,3],False)
([46,25,18,27,41],False)
([32,17,34,23,47],False)
([33,42,41,17,18],False)
([12,14,38,26,5],False)
([10,32,8,33,42],False)
([8,24,4,21,49],False)
([4,21,16,24,42],False)
([29,3,2,5,42],False)
([44,38,7,29,5],False)
([37,42,14,20,5],False)
([27,14,12,15,1],False)
([27,39,7,42,15],False)
([49,2,41,27,29],False)
([35,47,42,24,45],False)
([49,7,32,41,30],False)
([10,18,40,13,3],False)
([35,36,47,41,14],False)
([6,33,1,21,14],False)
([40,24,20,19,12],False)
([11,43,21,18,4],False)
([15,8,18,10,47],False)
([0,34,11,28,36],False)
([22,38,24,31,3],False)
([17,7,3,8,32],False)
([27,28,21,15,48],False)
([30,49,13,44,15],False)
([2,33,6,38,9],False)
([48,49,39,12,41],False)
([5,40,41,38,26],False)
([46,45,43,12,7],False)
([26,35,17,22,46],False)
([48,49,3,21,37],False)
([27,7,32,20,39],False)
([14,12,3,21,33],False)
([4,36,38,29,26],False)
([32,0,42,44,40],False)
([37,4,36,14,33],False)
([45,15,6,28,9],False)
([33,22,49,42,34],False)
([17,46,19,2,12],False)
([21,11,33,16,35],False)
([32,47,11,6,17],False)
([42,27,21,18,10],False)
([8,3,26,41,22],False)
([5,30,31,8,6],False)
([17,43,6,25,13],False)
([4,16,26,3,30],False)
([19,30,4,44,10],False)
([13,28,48,35,17],False)
([1,47,13,32,0],False)
([5,39,2,41,21],False)
([16,48,42,18,31],False)
([30,31,3,35,49],False)
([47,28,40,48,19],False)
([15,37,19,5,11],False)
([2,9,31,34,14],False)
([10,23,17,31,8],False)
([33,11,23,10,6],False)
([44,47,45,49,8],False)
([45,47,40,44,31],False)
([7,42,18,14,44],False)
([17,2,20,46,13],False)
([18,26,7,12,29],False)
([13,27,29,15,21],False)
([42,26,22,37,41],False)
([40,41,5,30,21],False)
([39,45,0,1,32],False)
([41,39,49,34,2],False)
([34,3,35,36,14],False)
([40,31,29,21,32],False)
([35,3,49,12,47],False)
([20,10,39,28,16],False)
([38,43,5,17,9],False)
([0,33,35,40,4],False)
([36,23,38,28,17],False)
([32,10,48,11,2],False)
([44,6,15,28,4],False)
([5,49,34,7,2],False)
([8,7,10,32,11],False)
([24,8,6,4,46],False)
([27,49,37,39,1],False)
([17,23,1,18,37],False)
([5,43,22,40,38],False)
([43,5,19,8,4],False)
([16,11,13,5,34],False)
([7,44,37,20,49],False)
([49,15,30,42,5],False)
([43,0,11,47,25],False)
([39,43,42,4,24],False)
([35,12,8,33,30],False)
([39,32,49,17,2],False)
([32,38,13,17,43],False)
([37,40,47,35,5],False)
([3,16,9,27,21],False)
([18,12,11,3,32],False)
([22,13,44,3,42],False)
([8,22,15,18,1],False)
([47,10,45,4,37],False)
([35,19,45,3,27],False)
([3,7,22,38,26],False)
([43,22,16,30,44],False)
([0,18,34,13,19],False)
([44,14,39,27,9],False)
([33,41,45,38,18],False)
([26,28,21,22,15],False)
([43,40,27,17,7],False)
([43,0,5,18,20],False)
([7,40,2,17,1],False)
([25,0,12,37,48],False)
([42,24,35,13,34],False)
([7,36,31,5,16],False)
([14,26,27,48,7],False)
([29,45,11,6,47],False)
([25,6,35,46,43],False)
([5,15,23,29,35],False)
([1,2,28,25,34],False)
([37,25,2,38,3],False)
([27,25,41,29,5],False)
([46,15,42,24,30],False)
([16,13,15,26,19],False)
([46,40,21,2,28],False)
([1,28,22,21,15],False)
([2,49,25,24,48],False)
([32,33,45,3,13],False)
([38,34,6,29,47],False)
([44,1,42,41,33],False)
([22,11,26,38,29],False)
([18,27,35,15,22],False)
([12,31,41,22,44],False)
([45,34,41,8,22],False)
([25,10,32,20,29],False)
([43,20,7,49,12],False)
([6,20,29,18,11],False)
([0,7,33,8,31],False)
([25,45,29,7,4],False)
([8,27,2,10,38],False)
([40,47,24,39,25],False)
([34,43,18,49,2],False)
([10,26,42,39,19],False)
([18,12,42,19,2],False)
([20,39,43,21,0],False)
([39,11,12,21,4],False)
([48,3,24,21,15],False)
([7,21,24,1,2],False)
([4,2,5,26,43],False)
([8,40,27,46,22],False)
([15,4,30,16,36],False)
([18,5,38,43,48],False)
([0,24,44,21,48],False)
([38,8,11,2,33],False)
([4,16,20,3,34],False)
([26,18,9,36,35],False)
([16,49,39,6,18],False)
([14,7,23,18,25],False)
([1,49,34,26,28],False)
([31,5,28,25,3],False)
([45,9,6,23,38],False)
([37,23,19,3,13],False)
([11,48,4,13,46],False)
([42,40,1,21,32],False)
([45,28,15,14,40],False)
([29,17,41,10,14],False)
([35,25,9,16,21],False)
([40,45,20,24,6],False)
([37,28,30,29,39],False)
([33,29,1,5,35],False)
([14,37,7,11,17],False)
([16,8,14,3,48],False)
([4,26,28,40,32],False)
([49,34,41,37,47],False)
([13,1,36,14,8],False)
([10,35,44,46,26],False)
([24,9,8,35,20],False)
([16,9,12,34,13],False)
([37,41,35,23,18],False)
([19,21,49,31,4],False)
([24,36,40,33,28],False)
([23,19,43,38,40],False)
([32,24,40,38,8],False)
([48,2,7,40,38],False)
([31,26,19,3,10],False)
([43,22,44,26,12],False)
([46,44,19,31,29],False)
([20,30,31,0,36],False)
([29,49,37,13,12],False)
([32,5,2,37,9],False)
([31,42,17,20,46],False)
([29,47,12,13,21],False)
([11,12,43,41,25],False)
([12,23,37,15,13],False)
([28,8,31,27,44],False)
([41,34,24,6,0],False)
([31,25,5,38,23],False)
([10,12,43,37,41],False)
([8,33,15,36,40],False)
([31,33,27,8,7],False)
([32,27,4,2,42],False)
([38,22,8,26,32],False)
([47,14,30,28,32],False)
([31,1,12,2,44],False)
([34,47,14,3,0],False)
([6,1,10,3,49],False)
([27,15,42,33,45],False)
([47,22,17,39,13],False)
([9,16,3,46,45],False)
([46,2,24,17,11],False)
([31,48,8,13,38],False)
([38,11,21,4,5],False)
([10,1,30,2,45],False)
([40,26,45,18,4],False)
([17,8,13,24,2],False)
([9,29,33,20,3],False)
([47,42,41,40,18],False)
([27,23,36,33,2],False)
([6,37,14,40,44],False)
([12,29,26,16,9],False)
([38,44,3,43,49],False)
([10,38,37,11,9],False)
([40,14,1,12,27],False)
([15,40,24,22,36],False)
([19,10,5,15,8],False)
([41,40,20,30,2],False)
([49,9,25,37,38],False)
([36,14,0,35,42],False)
([18,0,26,9,17],False)
([26,7,9,43,3],False)
([22,1,17,48,7],False)
([0,11,37,12,39],False)
([39,38,48,46,25],False)
([28,6,18,35,25],False)
([33,7,32,38,10],False)
([40,45,2,28,43],False)
([2,14,16,20,42],False)
([26,33,43,29,11],False)
([36,18,40,34,39],False)
([8,11,15,35,39],False)
([6,38,30,5,20],False)
([1,8,37,34,32],False)
([45,40,35,19,15],False)
([0,38,29,49,47],False)
([39,31,24,22,27],False)
([5,41,9,37,31],False)
([48,6,11,18,40],False)
([38,29,35,8,19],False)
([46,17,8,41,48],False)
([44,6,46,32,29],False)
([13,45,10,44,8],False)
([25,6,40,27,17],False)
([46,34,39,24,30],False)
([23,35,28,9,18],False)
([7,32,5,43,18],False)
([0,21,39,1,43],False)
([48,17,26,42,27],False)
([13,20,32,16,22],False)
([43,17,15,37,20],False)
([18,11,24,16,22],False)
([17,47,20,36,29],False)
([13,47,6,46,43],False)
([38,9,19,28,30],False)
([26,17,21,45,40],False)
([2,26,4,23,12],False)
([33,29,48,36,28],False)
([46,2,5,27,41],False)
([13,48,30,18,10],False)
([9,0,3,21,31],False)
([14,10,18,40,15],False)
([2,1,32,33,0],False)
([15,4,33,49,31],False)
([37,40,2,24,10],False)
([15,13,8,36,10],False)
([49,29,19,15,43],False)
([29,12,37,36,34],False)
([42,49,29,14,44],False)
([13,25,20,32,30],False)
([45,26,47,3,33],False)
([34,7,31,5,15],False)
([38,30,26,15,7],False)
([49,37,35,47,15],False)
([5,45,23,21,24],False)
([40,39,34,29,9],False)
([0,39,22,32,23],False)
([25,42,27,18,33],False)
([39,25,20,36,30],False)
([35,49,31,1,5],False)
([47,35,23,33,16],False)
([34,49,12,7,44],False)
([21,25,20,18,15],False)
([34,47,46,29,44],False)
([29,48,5,42,19],False)
([2,31,27,17,45],False)
([0,31,41,12,40],False)
([49,10,27,4,7],False)
([10,12,30,4,27],False)
([38,43,5,36,35],False)
([12,9,39,16,30],False)
([34,39,37,21,30],False)
([25,19,12,21,34],False)
([40,1,42,33,15],False)
([12,4,5,32,11],False)
([22,31,32,40,17],False)
([11,18,15,27,46],False)
([49,10,31,17,47],False)
([25,10,4,2,8],False)
([2,11,30,4,23],False)
([40,41,31,3,37],False)
([24,23,43,21,33],False)
([42,7,34,45,43],False)
([27,45,2,9,14],False)
([32,40,19,34,35],False)
([10,49,28,23,13],False)
([45,20,12,39,23],False)
([34,14,25,11,6],False)
([5,46,48,18,12],False)
([35,16,17,14,37],False)
([6,0,48,7,23],False)
([45,46,49,19,15],False)
([42,2,16,21,34],False)
([48,4,26,37,40],False)
([34,48,8,36,38],False)
([26,23,44,27,18],False)
([19,31,35,45,25],False)
([29,10,34,8,19],False)
([17,28,1,22,26],False)
([16,43,15,12,18],False)
([21,41,42,7,17],False)
([11,40,12,6,32],False)
([44,36,49,25,42],False)
([4,1,5,45,26],False)
([6,28,46,5,38],False)
([47,0,19,45,6],False)
([3,30,1,43,32],False)
([7,25,14,35,38],False)
([42,6,30,9,26],False)
([26,13,2,45,10],False)
([41,20,43,31,34],False)
([31,47,21,26,44],False)
([14,2,38,15,46],False)
([5,15,48,30,27],False)
([32,6,45,28,49],False)
([5,20,32,37,40],False)
([35,29,42,15,36],False)
([42,31,34,46,38],False)
([23,11,9,25,5],False)
([35,48,24,39,44],False)
([26,41,16,2,45],False)
([45,48,4,19,6],False)
([12,40,21,31,33],False)
([27,25,49,1,23],False)
([17,40,19,24,21],False)
([44,37,47,1,11],False)
([30,45,38,33,15],False)
([9,6,18,39,41],False)
([2,32,20,3,45],False)
([34,38,40,47,15],False)
([17,42,21,13,37],False)
([26,47,48,25,27],False)
([8,16,25,32,31],False)
([23,1,27,49,12],False)
([49,18,35,32,4],False)
([30,23,6,24,36],False)
([29,19,4,39,33],False)
([28,48,21,22,36],False)
([5,42,35,36,3],False)
([0,25,26,33,13],False)
([16,6,7,13,35],False)
([46,17,49,19,5],False)
([39,4,7,23,31],False)
([32,4,49,33,20],False)
([21,4,1,7,33],False)
([12,43,41,20,19],False)
([41,38,30,37,20],False)
([9,44,10,16,32],False)
([11,38,16,1,4],False)
([19,44,2,16,27],False)
([41,31,35,23,13],False)
([2,21,30,9,4],False)
([27,8,37,19,35],False)
([0,29,24,9,43],False)
([24,47,43,11,30],False)
([0,7,24,40,34],False)
([47,36,1,29,17],False)
([48,0,33,35,24],False)
([28,10,48,23,34],False)
([26,8,23,41,4],False)
([41,10,15,44,48],False)
([41,33,9,40,46],False)
([31,47,44,20,36],False)
([35,33,41,11,40],False)
([33,46,35,17,7],False)
([43,27,11,33,34],False)
([38,35,9,13,19],False)
([42,7,11,3,28],False)
([7,26,31,11,3],False)
([13,17,8,2,16],False)
([26,28,18,36,38],False)
([37,1,35,49,9],False)
([31,40,33,2,0],False)
([8,28,48,30,11],False)
([4,0,27,33,22],False)
([22,49,28,46,8],False)
([40,0,18,28,49],False)
([42,10,12,37,14],False)
([10,12,8,36,47],False)
([37,10,14,4,32],False)
([12,13,22,43,16],False)
([12,47,22,17,41],False)
([41,1,3,21,0],False)
([37,35,36,22,49],False)
([5,28,45,26,20],False)
([49,40,30,46,27],False)
([45,32,49,44,1],False)
([15,34,28,20,5],False)
([19,2,18,5,21],False)
([15,33,17,18,42],False)
([36,38,32,18,34],False)
([2,23,0,36,13],False)
([37,19,14,17,47],False)
([15,21,37,19,49],False)
([14,28,2,30,35],False)
([31,19,47,2,45],False)
([47,15,27,29,34],False)
([47,48,33,11,30],False)
([8,0,7,45,12],False)
([6,27,0,37,31],False)
([40,15,11,39,34],False)
([29,10,24,45,13],False)
([40,38,29,8,39],False)
([22,29,15,49,24],False)
([3,6,8,22,16],False)
([4,1,31,33,34],False)
([25,7,32,21,16],False)
([40,4,18,34,21],False)
([49,37,38,48,30],False)
([27,41,40,45,8],False)
([5,0,43,49,32],False)
([17,40,13,45,0],False)
([39,27,14,12,42],False)
([9,2,34,33,30],False)
([2,3,26,39,37],False)
([44,9,29,23,49],False)
([30,22,9,20,14],False)
([33,21,14,9,28],False)
([27,19,4,11,23],False)
([39,43,42,27,37],False)
([13,28,42,31,44],False)
([41,12,2,16,36],False)
([3,14,22,43,6],False)
([27,1,21,44,48],False)
([34,11,20,35,7],False)
([0,21,3,18,16],False)
([26,45,16,32,14],False)
([5,11,13,35,42],False)
([11,38,42,40,3],False)
([15,36,1,25,40],False)
([39,23,18,37,43],False)
([14,17,49,5,44],False)
([22,32,47,46,43],False)
([42,37,31,6,36],False)
([5,2,36,20,25],False)
([8,18,16,1,31],False)
([29,20,8,5,49],False)
([31,24,33,20,37],False)
([39,49,3,5,10],False)
([1,15,32,36,13],False)
([47,25,18,34,20],False)
([24,15,9,21,28],False)
([19,24,42,14,45],False)
([17,4,29,20,25],False)
([21,28,13,14,47],False)
([34,49,6,32,36],False)
([36,20,18,17,49],False)
([17,11,31,23,12],False)
([21,9,43,41,13],False)
([8,19,42,15,13],False)
([21,26,22,20,44],False)
([11,21,35,17,20],False)
([12,48,32,44,40],False)
([9,7,23,44,20],False)
([9,3,13,46,20],False)
([48,35,10,0,13],False)
([26,15,33,47,4],False)
([18,39,47,9,34],False)
([43,4,7,40,49],False)
([36,7,18,42,30],False)
([3,23,2,20,28],False)
([21,27,29,8,14],False)
([10,49,46,27,23],False)
([36,1,49,30,47],False)
([31,4,46,24,7],False)
([37,32,29,31,49],False)
([21,8,16,13,7],False)
([48,11,38,0,9],False)
([35,29,22,20,31],False)
([36,2,33,4,49],False)
([30,44,41,17,27],False)
([33,10,24,40,9],False)
([4,37,26,39,33],False)
([41,10,36,30,32],False)
([4,30,22,9,8],False)
([5,30,41,31,33],False)
([5,37,2,16,26],False)
([0,10,31,7,18],False)
([12,7,46,30,5],False)
([31,45,40,26,17],False)
([41,6,42,34,4],False)
([30,19,11,34,23],False)
([25,0,29,11,39],False)
([21,48,27,46,3],False)
([23,35,29,31,5],False)
([0,43,20,33,31],False)
([2,7,14,32,29],False)
([9,18,39,42,0],False)
([20,43,18,1,38],False)
([38,48,44,12,4],False)
([31,32,27,8,38],False)
([41,43,10,15,33],False)
([7,16,26,23,44],False)
([28,9,18,38,10],False)
([7,27,28,39,23],False)
([16,15,6,44,33],False)
([49,5,39,1,31],False)
([13,28,25,38,26],False)
([36,23,9,8,19],False)
([0,45,24,3,14],False)
([18,35,40,30,43],False)
([4,13,18,28,21],False)
([37,36,18,34,2],False)
([33,49,17,18,37],False)
([4,16,34,26,2],False)
([25,42,20,23,44],False)
([16,15,29,48,10],False)
([22,18,32,25,19],False)
([1,4,28,47,42],False)
([41,37,6,15,24],False)
([3,46,28,5,19],False)
([30,11,19,13,5],False)
([8,38,11,12,47],False)
([10,42,32,21,18],False)
([30,47,3,23,6],False)
([35,7,45,5,20],False)
([17,16,9,7,35],False)
([33,35,38,41,27],False)
([26,30,11,36,34],False)
([41,13,29,7,24],False)
([43,47,40,31,44],False)
([30,39,4,29,10],False)
([2,37,30,6,46],False)
([6,12,15,20,11],False)
([6,12,10,25,35],False)
([20,22,17,6,28],False)
([19,11,20,9,43],False)
([40,47,9,46,22],False)
([33,23,18,1,46],False)
([16,44,0,39,19],False)
([29,13,33,15,23],False)
([9,26,32,36,21],False)
([21,39,9,34,40],False)
([26,9,29,46,47],False)
([5,40,45,21,47],False)
([35,14,5,7,38],False)
([36,44,10,12,19],False)
([3,27,12,6,16],False)
([28,47,13,37,7],False)
([35,20,38,39,27],False)
([4,18,2,47,34],False)
([15,19,46,26,21],False)
([29,18,4,1,42],False)
([23,17,6,15,33],False)
([40,24,48,30,25],False)
([12,15,45,9,2],False)
([49,33,6,47,29],False)
([24,9,48,5,28],False)
([26,17,44,35,45],False)
([32,11,41,2,9],False)
([43,0,31,21,44],False)
([28,36,41,49,37],False)
([25,46,49,21,9],False)
([37,25,44,20,32],False)
([33,19,43,21,5],False)
([46,8,4,28,11],False)
([24,31,7,48,0],False)
([31,7,45,5,23],False)
([1,49,28,15,8],False)
([20,13,35,22,7],False)
([32,43,3,23,46],False)
([46,6,2,37,16],False)
([9,37,17,40,42],False)
([49,5,39,19,28],False)
([32,31,49,5,6],False)
([40,45,36,3,18],False)
([32,27,29,24,28],False)
([0,30,27,18,16],False)
([38,4,1,25,18],False)
([46,18,5,29,30],False)
([32,27,10,38,37],False)
([48,40,29,23,4],False)
([3,41,13,0,47],False)
([0,32,13,33,38],False)
([30,29,21,31,37],False)
([37,9,48,2,41],False)
([17,1,27,5,29],False)
([22,32,31,28,15],False)
([43,0,31,21,19],False)
([28,34,18,1,20],False)
([27,12,17,15,42],False)
([11,24,44,22,18],False)
([34,5,9,29,48],False)
([5,24,11,22,7],False)
([47,4,16,22,45],False)
([48,0,40,32,5],False)
([15,25,30,5,20],False)
([5,14,12,44,23],False)
([13,5,19,38,42],False)
([23,21,36,43,4],False)
([19,37,14,12,21],False)
([12,23,33,46,31],False)
([35,25,17,6,41],False)
([20,31,17,30,49],False)
([2,46,8,35,48],False)
([31,44,24,20,2],False)
([31,29,25,7,0],False)
([17,31,8,16,20],False)
([18,46,11,35,47],False)
([43,39,26,18,49],False)
([40,37,10,5,43],False)
([32,18,15,33,1],False)
([24,27,14,42,48],False)
([1,14,47,32,21],False)
([42,18,16,38,40],False)
([44,17,9,49,2],False)
([36,21,23,29,35],False)
([9,12,30,11,5],False)
([26,4,24,29,12],False)
([23,48,28,12,35],False)
([31,6,14,15,17],False)
([28,19,49,6,39],False)
([29,3,10,42,17],False)
([46,2,30,45,29],False)
([35,24,26,11,1],False)
([42,35,19,5,15],False)
([20,30,19,44,43],False)
([15,18,10,1,40],False)
([35,17,26,24,41],False)
([12,43,41,6,44],False)
([10,33,47,37,1],False)
([41,49,6,0,40],False)
([29,47,35,5,10],False)
([22,12,6,25,14],False)
([24,22,7,26,1],False)
([41,5,47,24,4],False)
([21,44,11,40,45],False)
([35,8,43,18,40],False)
([26,47,3,13,4],False)
([1,25,38,15,13],False)
([42,10,41,25,3],False)
([37,15,34,22,14],False)
([35,28,22,38,42],False)
([0,41,47,35,48],False)
([25,47,21,43,22],False)
([9,13,20,25,5],False)
([1,20,22,32,27],False)
([11,6,9,29,24],False)
([27,32,25,16,19],False)
([6,31,48,10,45],False)
([13,47,15,48,24],False)
([14,4,12,21,25],False)
([1,25,30,15,43],False)
([18,6,4,49,43],False)
([0,19,28,35,41],False)
([8,12,6,42,36],False)
([24,41,17,31,14],False)
([47,2,9,44,15],False)
([2,7,16,29,40],False)
([32,45,35,17,46],False)
([11,19,35,23,15],False)
([35,14,17,4,40],False)
([37,14,13,23,21],False)
([41,8,26,44,37],False)
([39,17,3,25,44],False)
([16,22,27,31,49],False)
([20,32,10,29,1],False)
([39,29,8,42,46],False)
([20,14,37,18,36],False)
([4,20,26,38,35],False)
([5,39,26,6,38],False)
([27,40,42,23,10],False)
([18,12,43,19,13],False)
([31,9,41,48,38],False)
([2,22,47,17,48],False)
([17,46,44,25,6],False)
([40,43,42,4,26],False)
([10,37,25,34,35],False)
([45,18,23,6,7],False)
([41,10,7,47,39],False)
([7,10,8,19,6],False)
([12,28,13,23,27],False)
([5,26,37,40,20],False)
([44,41,24,12,3],False)
([37,5,18,42,15],False)
([4,33,1,43,35],False)
([44,46,42,45,1],False)
([25,24,30,20,0],False)
([44,26,45,17,38],False)
([17,25,15,20,46],False)
([44,22,4,16,3],False)
([20,22,18,17,2],False)
([6,46,47,33,32],False)
([5,30,9,46,16],False)
([14,12,33,26,34],False)
([6,16,40,36,45],False)
([47,25,6,43,15],False)
([5,49,36,10,41],False)
([7,36,14,16,21],False)
([21,11,6,32,22],False)
([24,9,7,19,44],False)
([24,37,5,12,13],False)
([16,9,25,12,31],False)
([5,10,20,7,1],False)
([37,16,30,5,48],False)
([23,26,1,32,22],False)
([16,43,18,25,4],False)
([47,17,31,19,0],False)
([36,2,23,25,0],False)
([10,30,29,28,2],False)
([30,48,1,16,8],False)
([48,0,29,24,43],False)
([46,4,39,9,27],False)
([39,20,45,21,29],False)
([27,7,24,42,39],False)
([6,43,2,36,23],False)
([1,14,2,42,11],False)
([17,28,34,15,18],False)
([47,0,13,49,5],False)
([15,29,31,16,44],False)
([27,35,46,20,9],False)
([41,16,22,18,8],False)
([16,3,42,11,17],False)
([3,8,45,44,9],False)
([36,42,43,10,46],False)
([48,15,47,32,41],False)
([2,16,21,34,28],False)
([48,24,32,36,26],False)
([1,45,13,34,25],False)
([49,26,31,25,39],False)
([48,21,24,25,20],False)
([12,23,15,26,3],False)
([1,44,33,39,11],False)
([12,3,45,30,20],False)
([0,9,15,19,29],False)
([37,10,20,8,45],False)
([35,31,46,20,10],False)
([45,3,5,22,26],False)
([22,39,43,6,17],False)
([16,29,45,27,28],False)
([43,21,0,8,2],False)
([19,22,27,48,1],False)
([32,14,34,4,15],False)
([10,32,44,2,6],False)
([7,12,20,33,1],False)
([36,38,22,40,31],False)
([12,40,8,32,43],False)
([25,37,30,13,33],False)
([6,49,47,23,33],False)
([25,21,27,15,36],False)
([3,17,10,13,8],False)
([12,44,25,38,46],False)
([9,22,38,17,0],False)
([40,0,34,35,27],False)
([24,29,12,13,17],False)
([33,17,40,46,44],False)
([19,44,21,49,8],False)
([36,33,12,0,47],False)
([22,1,13,44,45],False)
([43,16,48,47,23],False)
([28,29,43,13,15],False)
