([3,11],False)
([20,32,47],False)
([15,25,49],False)
([5,24,44],False)
([0,27,33],False)
([5,12,27],False)
([24,26,47],False)
([1,9,23],False)
([21,35,42],False)
([29,41,46,49],False)
([3,6,19,31],False)
([2,22,25,26],False)
([18,19,33,34],False)
([2,16,21,26],False)
([30,38,45,47],False)
([1,14,20,42],False)
([21,23,38,42],False)
([3,6,13,29],False)
([2,24,25,42],False)
([6,12,17,42],False)
([29,38,45,47],False)
([0,3,16,36],False)
([0,5,41,45],False)
([20,30,31,33],False)
([8,10,11,45],False)
([6,9,22,32],False)
([17,21,25,29],False)
([21,24,29,35],False)
([23,30,35,42],False)
([11,28,42,49],False)
([2,20,25,29],False)
([25,37,43,44],False)
([11,27,40,42],False)
([1,15,43,45],False)
([9,13,24,45],False)
([18,22,23,38],False)
([13,19,47,48],False)
([4,9,24,35],False)
([0,13,28,35],False)
([2,15,28,47],False)
([10,15,33,38],False)
([26,28,30,35],False)
([19,20,24,39],False)
([2,4,7,32],False)
([26,34,35,37],False)
([0,12,39,43],False)
([4,5,31,43],False)
([26,38,41,44],False)
([2,19,23,44],False)
([12,19,37,47],False)
([1,19,40,44],False)
([18,37,43,48],False)
([12,28,32,40],False)
([7,8,15,20],False)
([4,12,24,26],False)
([6,9,10,46],False)
([23,27,35,42],False)
([22,26,37,49],False)
([4,21,36,44],False)
([1,2,26,49],False)
([8,45,46,49],False)
([6,10,13,17],False)
([9,18,22,34],False)
([4,18,26,40],False)
([2,4,30,42],False)
([17,20,23,49],False)
([5,8,26,36],False)
([12,15,19,24],False)
([5,24,45,47],False)
([6,24,26,44],False)
([8,18,19,35],False)
([8,13,20,46],False)
([5,7,11,30],False)
([30,33,37,48],False)
([12,13,28,47],False)
([0,8,39,44],False)
([13,20,22,31],False)
([9,29,30,33],False)
([6,10,19,27],False)
([3,27,37,44],False)
([0,7,12,17],False)
([15,26,33,45],False)
([8,30,47,49],False)
([13,27,28,40],False)
([8,11,17,46],False)
([8,13,38,42],False)
([4,19,29,42],False)
([0,30,37,46],False)
([16,21,27,39],False)
([12,17,25,46],False)
([5,10,12,33],False)
([9,32,35,39],False)
([10,16,29,46],False)
([8,26,30,49],False)
([13,26,28,31],False)
([3,16,30,48],False)
([14,34,46,47],False)
([17,18,22,48],False)
([16,35,37,44],False)
([9,26,36,49],False)
([4,5,10,46],False)
([7,9,18,22],False)
([11,25,30,33],False)
([22,23,40,46],False)
([3,7,9,39],False)
([0,2,15,19],False)
([2,3,12,16,28],False)
([11,18,28,31,47],False)
([2,5,6,10,37],False)
([14,22,31,44,45],False)
([0,6,11,17,29],False)
([2,8,23,33,48],False)
([20,22,33,38,44],False)
([9,16,19,33,46],False)
([10,12,21,34,35],False)
([1,10,14,22,33],False)
([23,26,39,40,41],False)
([12,20,29,32,39],False)
([17,25,31,40,42],False)
([1,16,17,44,48],False)
([0,7,17,30,46],False)
([0,16,23,33,49],False)
([3,13,14,35,48],False)
([6,20,21,34,44],False)
([30,31,35,42,46],False)
([2,3,31,36,45],False)
([10,11,30,37,41],False)
([12,16,23,25,30],False)
([18,28,36,47,49],False)
([3,5,14,20,28],False)
([7,15,24,27,37],False)
([2,4,39,42,45],False)
([24,28,36,40,43],False)
([6,14,16,25,41],False)
([9,13,35,43,47],False)
([14,17,20,29,45],False)
([3,6,19,23,39],False)
([10,16,19,46,49],False)
([0,25,31,41,49],False)
([8,12,14,15,18],False)
([3,17,22,25,28],False)
([13,24,37,40,47],False)
([4,16,24,33,48],False)
([1,7,9,34,44],False)
([8,10,19,28,39],False)
([8,10,23,34,47],False)
([10,26,30,43,48],False)
([3,23,36,42,45],False)
([5,30,31,36,37],False)
([3,16,24,29,43],False)
([11,26,41,42,48],False)
([12,16,27,37,46],False)
([2,8,9,12,38],False)
([10,38,41,43,48],False)
([9,25,34,42,49],False)
([15,29,30,37,42],False)
([19,23,37,42,46],False)
([0,17,18,20,35],False)
([3,27,29,34,38],False)
([3,18,29,32,33],False)
([0,17,22,23,32],False)
([15,19,27,31,32],False)
([5,16,20,29,31],False)
