([7,8,17,42,47],False)
([2,5,10,40,47],False)
([1,13,14,23,42],False)
([0,12,32,43,47],False)
([7,24,30,32,38],False)
([1,11,15,22,29],False)
([8,9,20,32,41],False)
([0,15,28,39,44],False)
([13,22,27,33,43],False)
([3,15,17,27,35],False)
([17,22,25,27,41],False)
([6,25,31,35,48],False)
([11,17,26,31,34],False)
([14,17,18,27,30],False)
([5,27,33,39,46],False)
([10,20,32,33,47],False)
([2,16,39,40,41],False)
([8,15,16,40,46],False)
([7,8,9,12,37],False)
([0,6,17,32,47],False)
([12,18,31,35,39],False)
([5,7,24,28,36],False)
([12,16,21,27,47],False)
([2,12,32,38,44],False)
([4,6,42,43,49],False)
([8,13,24,25,30],False)
([12,20,22,32,43],False)
([5,12,25,28,35],False)
([11,28,34,42,46],False)
